-2.	0.264151	0.0754717	-1.6897e-6
-1.98007	0.266891	0.0771891	-3.11176e-6
-1.96013	0.269684	0.0789652	-3.9464e-6
-1.9402	0.272532	0.0808025	-3.85795e-6
-1.92027	0.275434	0.082704	-2.70246e-6
-1.90033	0.278394	0.0846725	-6.01957e-7
-1.8804	0.281411	0.0867112	2.04091e-6
-1.86047	0.284489	0.0888234	4.60288e-6
-1.84053	0.287627	0.0910124	6.37134e-6
-1.8206	0.290827	0.0932822	6.72362e-6
-1.80066	0.294092	0.0956364	5.31334e-6
-1.78073	0.297422	0.0980793	2.21383e-6
-1.7608	0.300818	0.100615	-2.02822e-6
-1.74086	0.304283	0.103249	-6.4595e-6
-1.72093	0.307818	0.105985	-9.9097e-6
-1.701	0.311424	0.108829	-0.0000112734
-1.68106	0.315103	0.111786	-9.8224e-6
-1.66113	0.318856	0.114862	-5.46924e-6
-1.6412	0.322684	0.118064	1.10037e-6
-1.62126	0.32659	0.121398	8.48294e-6
-1.60133	0.330573	0.124871	0.0000148181
-1.5814	0.334636	0.128491	0.0000182176
-1.56146	0.338779	0.132266	0.0000172741
-1.54153	0.343004	0.136203	0.0000115226
-1.52159	0.347311	0.140313	1.72294e-6
-1.50166	0.351701	0.144604	-0.0000101457
-1.48173	0.356175	0.149088	-0.0000212214
-1.46179	0.360733	0.153775	-0.0000283915
-1.44186	0.365374	0.158676	-0.0000290951
-1.42193	0.370098	0.163805	-0.000022104
-1.40199	0.374905	0.169174	-8.06927e-6
-1.38206	0.379794	0.174798	0.0000103564
-1.36213	0.384762	0.180691	0.0000289175
-1.34219	0.389808	0.186871	0.0000426524
-1.32226	0.394928	0.193353	0.0000471207
-1.30233	0.400118	0.200157	0.0000396828
-1.28239	0.405374	0.207302	0.0000204895
-1.26246	0.41069	0.214809	-7.12734e-6
-1.24252	0.416059	0.2227	-0.0000370643
-1.22259	0.421471	0.230998	-0.000061665
-1.20266	0.426918	0.239729	-0.0000735433
-1.18272	0.432387	0.248919	-0.0000676087
-1.16279	0.437864	0.258597	-0.0000427786
-1.14286	0.443331	0.268791	-2.86639e-6
-1.12292	0.44877	0.279534	0.0000437136
-1.10299	0.454158	0.290859	0.0000855233
-1.08306	0.459469	0.302799	0.000110722
-1.06312	0.464672	0.315391	0.000110178
-1.04319	0.469731	0.328673	0.000080306
-1.02326	0.474606	0.342683	0.0000248296
-1.00332	0.479252	0.35746	-0.0000451679
-0.983389	0.483614	0.373044	-0.000113152
-0.963455	0.487631	0.389475	-0.000160781
-0.943522	0.491235	0.406792	-0.000172542
-0.923588	0.494348	0.425031	-0.000140294
-0.903654	0.49688	0.444229	-0.0000664595
-0.883721	0.498732	0.464415	0.0000351486
-0.863787	0.499793	0.485614	0.000141438
-0.843854	0.499938	0.507842	0.000224907
-0.82392	0.499031	0.531107	0.000260366
-0.803987	0.496921	0.555403	0.000231941
-0.784053	0.493443	0.580707	0.000138556
-0.76412	0.488422	0.606976	-3.80222e-6
-0.744186	0.481669	0.634144	-0.000164053
-0.724252	0.472989	0.662116	-0.000302268
-0.704319	0.462178	0.690766	-0.000379095
-0.684385	0.449034	0.719928	-0.000366263
-0.664452	0.433361	0.749396	-0.000255516
-0.644518	0.414974	0.778921	-0.0000633867
-0.624585	0.393712	0.808205	0.000169988
-0.604651	0.369449	0.836908	0.000388468
-0.584718	0.342102	0.864645	0.000532714
-0.564784	0.311648	0.890993	0.000555463
-0.54485	0.27813	0.915504	0.000435527
-0.524917	0.241676	0.937713	0.000186639
-0.504983	0.202495	0.95716	-0.000141836
-0.48505	0.160891	0.973407	-0.000473528
-0.465116	0.117254	0.986057	-0.00072187
-0.445183	0.0720527	0.994781	-0.000811667
-0.425249	0.0258236	0.999333	-0.000700262
-0.405316	-0.0208514	0.999565	-0.00039268
-0.385382	-0.0673674	0.995441	0.0000539913
-0.365449	-0.113123	0.987035	0.000539422
-0.345515	-0.157544	0.974531	0.00094129
-0.325581	-0.20011	0.95821	0.00114482
-0.305648	-0.240369	0.938432	0.0010738
-0.285714	-0.277956	0.91562	0.000715017
-0.265781	-0.312595	0.890237	0.00012903
-0.245847	-0.344101	0.862759	-0.000557301
-0.225914	-0.372381	0.833665	-0.00117647
-0.20598	-0.39742	0.80341	-0.00155961
-0.186047	-0.41927	0.77242	-0.0015805
-0.166113	-0.438042	0.741079	-0.00119338
-0.146179	-0.45389	0.709724	-0.000453809
-0.126246	-0.466997	0.678644	0.000484646
-0.106312	-0.47757	0.648078	0.0013998
-0.0863787	-0.485823	0.61822	0.00205136
-0.0664452	-0.491975	0.589223	0.00224171
-0.0465116	-0.49624	0.5612	0.00187198
-0.0265781	-0.498827	0.534231	0.00097842
-0.00664452	-0.49993	0.508369	-0.000262699
0.013289	-0.499732	0.483643	-0.00156623
0.0332226	-0.498402	0.460062	-0.00260096
0.0531561	-0.496094	0.43762	-0.00307098
0.0730897	-0.492944	0.416299	-0.0027963
0.0930233	-0.48908	0.396071	-0.00177158
0.112957	-0.48461	0.376902	-0.000185405
0.13289	-0.479634	0.358751	0.00160905
0.152824	-0.474238	0.341576	0.00316901
0.172757	-0.468499	0.325333	0.00406803
0.192691	-0.462483	0.309975	0.00400822
0.212625	-0.456248	0.295458	0.00291024
0.232558	-0.449845	0.281735	0.000955359
0.252492	-0.443316	0.268763	-0.00143594
0.272425	-0.4367	0.256499	-0.00368956
0.292359	-0.430029	0.244902	-0.00521148
0.312292	-0.42333	0.233932	-0.00553949
0.332226	-0.416626	0.223553	-0.00447531
0.352159	-0.409937	0.213728	-0.00216091
0.372093	-0.403281	0.204425	0.000926016
0.392027	-0.39667	0.195611	0.00406391
0.41196	-0.390117	0.187256	0.00645078
0.431894	-0.383631	0.179333	0.00740365
0.451827	-0.377219	0.171815	0.00654571
0.471761	-0.370889	0.164677	0.00393147
0.491694	-0.364645	0.157897	0.0000721398
0.511628	-0.35849	0.151453	-0.00415464
0.531561	-0.352427	0.145324	-0.00769765
0.551495	-0.346459	0.139492	-0.00958702
0.571429	-0.340586	0.133938	-0.00919099
0.591362	-0.334809	0.128647	-0.00640835
0.611296	-0.329128	0.123603	-0.00174135
0.631229	-0.323543	0.118791	0.00378026
0.651163	-0.318052	0.114198	0.00881753
0.671096	-0.312655	0.109812	0.0120391
0.69103	-0.30735	0.105619	0.0124634
0.710963	-0.302135	0.10161	0.00974059
0.730897	-0.297009	0.0977739	0.00429668
0.750831	-0.291969	0.0941008	-0.00270953
0.770764	-0.287014	0.0905818	-0.00962068
0.790698	-0.28214	0.0872084	-0.014663
0.810631	-0.277347	0.0839725	-0.0163904
0.830565	-0.27263	0.0808666	-0.0140823
0.850498	-0.267988	0.0778837	-0.00798831
0.870432	-0.263419	0.0750171	0.000653715
0.890365	-0.258919	0.0722606	0.00985192
0.910299	-0.254486	0.0696085	0.0173063
0.930233	-0.250117	0.067055	0.0209705
0.950166	-0.24581	0.0645952	0.0195947
0.9701	-0.241562	0.062224	0.0131111
0.990033	-0.23737	0.0599369	0.0027481
1.00997	-0.233231	0.0577296	-0.00917535
1.0299	-0.229143	0.0555979	-0.0197508
1.04983	-0.225104	0.0535379	-0.0261725
1.06977	-0.221109	0.0515461	-0.0264599
1.0897	-0.217156	0.0496189	-0.02003
1.10963	-0.213243	0.0477531	-0.00796072
1.12957	-0.209367	0.0459456	0.00714573
1.1495	-0.205525	0.0441935	0.0216979
1.16944	-0.201713	0.0424939	0.0319453
1.18937	-0.197929	0.0408443	0.0349169
1.2093	-0.19417	0.0392421	0.0292404
1.22924	-0.190433	0.0376849	0.0156243
1.24917	-0.186714	0.0361705	-0.00314654
1.2691	-0.183011	0.0346968	-0.0227401
1.28904	-0.179319	0.0332617	-0.0382421
1.30897	-0.175636	0.0318633	-0.0453491
1.3289	-0.171958	0.0304998	-0.0415093
1.34884	-0.168281	0.0291694	-0.0267205
1.36877	-0.164601	0.0278704	-0.00375496
1.3887	-0.160915	0.0266013	0.0222919
1.40864	-0.157218	0.0253606	0.0450767
1.42857	-0.153505	0.0241469	0.0584903
1.4485	-0.149772	0.0229588	0.0582163
1.46844	-0.146014	0.0217952	0.0429839
1.48837	-0.142226	0.0206549	0.0151774
1.50831	-0.138402	0.0195367	-0.0194038
1.52824	-0.134536	0.0184399	-0.0526568
1.54817	-0.130621	0.0173633	-0.0759626
1.56811	-0.126651	0.0163063	-0.082279
1.58804	-0.122618	0.0152682	-0.0680573
1.60797	-0.118513	0.0142484	-0.0345027
1.62791	-0.114329	0.0132466	0.0121878
1.64784	-0.110055	0.0122625	0.0617695
1.66777	-0.105681	0.0112961	0.101969
1.68771	-0.101195	0.0103475	0.121213
1.70764	-0.0965839	0.00941713	0.111509
1.72757	-0.0918338	0.0085058	0.070835
1.74751	-0.0869288	0.0076146	0.00444228
1.76744	-0.0818512	0.00674512	-0.0753037
1.78738	-0.0765812	0.00589948	-0.15066
1.80731	-0.0710965	0.00508053	-0.201578
1.82724	-0.065372	0.00429192	-0.209567
1.84718	-0.0593793	0.00353842	-0.161611
1.86711	-0.0530857	0.00282608	-0.0533266
1.88704	-0.0464543	0.00216268	0.109327
1.90698	-0.0394424	0.00155813	0.310221
1.92691	-0.0320005	0.00102508	0.525175
1.94684	-0.0240716	0.000579777	0.725707
1.96678	-0.0155887	0.000243066	0.883745
1.98671	-0.00647333	0.0000419058	0.976434
2.00664	0.00336712	0.0000113376	0.990128
2.02658	0.0140428	0.000197239	0.922797
2.04651	0.0256854	0.000660174	0.784388
2.06645	0.0384532	0.00148084	0.595064
2.08638	0.0525382	0.00276792	0.381671
2.10631	0.0681739	0.00466949	0.173101
2.12625	0.0856465	0.00738994	-0.00455025
2.14618	0.105308	0.0112155	-0.132145
2.16611	0.127591	0.0165536	-0.200215
2.18605	0.153029	0.0239936	-0.209801
2.20598	0.182266	0.0344047	-0.171332
2.22591	0.216061	0.0490923	-0.101888
2.24585	0.255238	0.0700542	-0.0214462
2.26578	0.300526	0.100395	0.0510873
2.28571	0.352071	0.14497	0.101288
2.30565	0.408208	0.211268	0.121436
2.32558	0.462519	0.310063	0.111206
2.34551	0.497847	0.453647	0.076826
2.36545	0.478504	0.645031	0.0289823
2.38538	0.356361	0.850724	-0.0199608
2.40532	0.121926	0.984906	-0.0588132
2.42525	-0.144241	0.978743	-0.0798659
2.44518	-0.343468	0.863359	-0.0802187
2.46512	-0.45107	0.715721	-0.061931
2.48505	-0.493167	0.58238	-0.0310705
2.50498	-0.499418	0.47589	0.00403545
2.52492	-0.488675	0.394186	0.0348889
2.54485	-0.470875	0.331843	0.0547599
2.56478	-0.450865	0.28385	0.0600544
2.58472	-0.430897	0.24637	0.0508532
2.60465	-0.41195	0.216632	0.0305712
2.62458	-0.394392	0.192664	0.00488562
2.64452	-0.378299	0.17306	-0.019762
2.66445	-0.363618	0.156806	-0.037715
2.68439	-0.350238	0.143162	-0.045343
2.70432	-0.338035	0.131582	-0.0417156
2.72425	-0.326883	0.121652	-0.028599
2.74419	-0.316666	0.11306	-0.00982804
2.76412	-0.307277	0.105563	0.00975028
2.78405	-0.298625	0.0989722	0.0254862
2.80399	-0.290626	0.0931384	0.0339957
2.82392	-0.283211	0.0879421	0.0338513
2.84385	-0.276316	0.0832871	0.0257636
2.86379	-0.269887	0.0790949	0.012249
2.88372	-0.263877	0.0753012	-0.00309867
2.90365	-0.258244	0.0718527	-0.0165328
2.92359	-0.252952	0.068705	-0.0250444
2.94352	-0.247969	0.0658209	-0.0270115
2.96346	-0.243267	0.0631689	-0.0224742
2.98339	-0.23882	0.0607222	-0.0129981
3.00332	-0.234607	0.058458	-0.00119062
3.02326	-0.230609	0.0563565	0.00999204
3.04319	-0.226807	0.0544008	0.0179665
3.06312	-0.223186	0.0525763	0.021102
3.08306	-0.219732	0.05087	0.0190316
3.10299	-0.216433	0.0492707	0.0126423
3.12292	-0.213276	0.0477685	0.00377037
3.14286	-0.210252	0.0463549	-0.00530438
3.16279	-0.207352	0.045022	-0.0124296
3.18272	-0.204567	0.043763	-0.0160783
3.20266	-0.20189	0.0425718	-0.0156609
3.22259	-0.199313	0.0414431	-0.0115915
3.24252	-0.19683	0.0403718	-0.00511322
3.26246	-0.194435	0.0393537	0.0020601
3.28239	-0.192123	0.0383848	0.00818468
3.30233	-0.18989	0.0374614	0.0119008
3.32226	-0.18773	0.0365805	0.0125237
3.34219	-0.185639	0.035739	0.0101519
3.36213	-0.183614	0.0349344	0.00558242
3.38206	-0.18165	0.0341641	0.0000667356
3.40199	-0.179746	0.0334259	-0.00502051
3.42193	-0.177897	0.0327178	-0.00851616
3.44186	-0.176101	0.0320381	-0.00972616
3.46179	-0.174355	0.0313848	-0.00855159
3.48173	-0.172657	0.0307566	-0.00546378
3.50166	-0.171005	0.0301518	-0.00134659
3.52159	-0.169396	0.0295693	0.0027461
3.54153	-0.167828	0.0290077	0.00585322
3.56146	-0.1663	0.0284659	0.00732578
3.5814	-0.164809	0.0279428	0.0069542
3.60133	-0.163354	0.0274375	0.00498111
3.62126	-0.161934	0.026949	0.00200612
3.6412	-0.160548	0.0264765	-0.00118584
3.66113	-0.159192	0.0260192	-0.00382555
3.68106	-0.157868	0.0255764	-0.00533977
3.701	-0.156572	0.0251473	-0.00546973
3.72093	-0.155305	0.0247313	-0.00430514
3.74086	-0.154065	0.0243278	-0.00223283
3.7608	-0.15285	0.0239362	0.000180431
3.78073	-0.151661	0.023556	0.00233742
3.80066	-0.150496	0.0231867	0.00375407
3.8206	-0.149354	0.0228277	0.00416369
3.84053	-0.148235	0.0224788	0.00356049
3.86047	-0.147137	0.0221394	0.00217759
3.8804	-0.14606	0.0218091	0.000410555
3.90033	-0.145003	0.0214876	-0.00129064
3.92027	-0.143966	0.0211745	-0.00253267
3.9402	-0.142948	0.0208695	-0.0030664
3.96013	-0.141948	0.0205723	-0.00283235
3.98007	-0.140965	0.0202826	-0.00195717
4.	-0.14	0.02	-0.000706421