LECROYHDO6104,18334,Waveform
Segments,1,SegmentSize,2502
Segment,TrigTime,TimeSinceSegment1
#1,18-Feb-2016 05:04:16,0                 
Time,Ampl
0.0009994997351,0.3478
0.0009995001351,0.3564
0.0009995005351,0.349
0.0009995009351,0.333
0.0009995013351,0.308
0.0009995017351,0.2792
0.0009995021351,0.2422
0.0009995025351,0.1972
0.0009995029351,0.147
0.0009995033351,0.0962
0.0009995037351,0.0522
0.0009995041351,0.0206
0.0009995045351,0.0024
0.0009995049351,-0.0012
0.0009995053351,0.0024
0.0009995057351,0.0112
0.0009995061351,0.0234
0.0009995065351,0.0468
0.0009995069351,0.0808
0.0009995073351,0.1286
0.0009995077351,0.1846
0.0009995081351,0.2438
0.0009995085351,0.2954
0.0009995089351,0.335
0.0009995093351,0.3536
0.0009995097351,0.3556
0.0009995101351,0.343
0.0009995105351,0.3236
0.0009995109351,0.296
0.0009995113351,0.2666
0.0009995117351,0.227
0.0009995121351,0.1818
0.0009995125351,0.1294
0.0009995129351,0.0812
0.0009995133351,0.0404
0.0009995137351,0.0148
0.0009995141351,0.0026
0.0009995145351,0.0014
0.0009995149351,0.0056
0.0009995153351,0.0164
0.0009995157351,0.0316
0.0009995161351,0.0568
0.0009995165351,0.0918
0.0009995169351,0.141
0.0009995173351,0.1974
0.0009995177351,0.2566
0.0009995181351,0.307
0.0009995185351,0.342
0.0009995189351,0.3564
0.0009995193351,0.3546
0.0009995197351,0.3392
0.0009995201351,0.3156
0.0009995205351,0.2856
0.0009995209351,0.2514
0.0009995213351,0.2102
0.0009995217351,0.1652
0.0009995221351,0.1146
0.0009995225351,0.0694
0.0009995229351,0.0316
0.0009995233351,0.009
0.0009995237351,-0.0008
0.0009995241351,0.0002
0.0009995245351,0.0074
0.0009995249351,0.0194
0.0009995253351,0.0374
0.0009995257351,0.0674
0.0009995261351,0.1076
0.0009995265351,0.1602
0.0009995269351,0.2194
0.0009995273351,0.2766
0.0009995277351,0.321
0.0009995281351,0.3492
0.0009995285351,0.3574
0.0009995289351,0.3494
0.0009995293351,0.33
0.0009995297351,0.3082
0.0009995301351,0.2792
0.0009995305351,0.2448
0.0009995309351,0.202
0.0009995313351,0.1538
0.0009995317351,0.1006
0.0009995321351,0.055
0.0009995325351,0.021
0.0009995329351,0.0034
0.0009995333351,-0.0024
0.0009995337351,0.0012
0.0009995341351,0.0102
0.0009995345351,0.0234
0.0009995349351,0.0442
0.0009995353351,0.0778
0.0009995357351,0.1242
0.0009995361351,0.1786
0.0009995365351,0.2352
0.0009995369351,0.2886
0.0009995373351,0.3256
0.0009995377351,0.3496
0.0009995381351,0.3534
0.0009995385351,0.3464
0.0009995389351,0.3276
0.0009995393351,0.3034
0.0009995397351,0.2718
0.0009995401351,0.2324
0.0009995405351,0.1844
0.0009995409351,0.1318
0.0009995413351,0.0808
0.0009995417351,0.0416
0.0009995421351,0.0158
0.0009995425351,0.004
0.0009995429351,0.0008
0.0009995433351,0.0062
0.0009995437351,0.0148
0.0009995441351,0.029
0.0009995445351,0.051
0.0009995449351,0.0868
0.0009995453351,0.1348
0.0009995457351,0.1928
0.0009995461351,0.2514
0.0009995465351,0.3044
0.0009995469351,0.3386
0.0009995473351,0.3562
0.0009995477351,0.354
0.0009995481351,0.3388
0.0009995485351,0.3148
0.0009995489351,0.2894
0.0009995493351,0.258
0.0009995497351,0.2202
0.0009995501351,0.1744
0.0009995505351,0.1234
0.0009995509351,0.0716
0.0009995513351,0.032
0.0009995517351,0.008
0.0009995521351,-0.001
0.0009995525351,-0.001
0.0009995529351,0.0068
0.0009995533351,0.0184
0.0009995537351,0.0362
0.0009995541351,0.0628
0.0009995545351,0.1038
0.0009995549351,0.154
0.0009995553351,0.213
0.0009995557351,0.268
0.0009995561351,0.315
0.0009995565351,0.3452
0.0009995569351,0.3586
0.0009995573351,0.3536
0.0009995577351,0.3378
0.0009995581351,0.3126
0.0009995585351,0.2842
0.0009995589351,0.2502
0.0009995593351,0.208
0.0009995597351,0.1584
0.0009995601351,0.1062
0.0009995605351,0.0588
0.0009995609351,0.0244
0.0009995613351,0.0034
0.0009995617351,-0.001
0.0009995621351,0.0006
0.0009995625351,0.0102
0.0009995629351,0.0226
0.0009995633351,0.0438
0.0009995637351,0.0724
0.0009995641351,0.1178
0.0009995645351,0.1718
0.0009995649351,0.232
0.0009995653351,0.2864
0.0009995657351,0.3294
0.0009995661351,0.352
0.0009995665351,0.359
0.0009995669351,0.3472
0.0009995673351,0.3284
0.0009995677351,0.3004
0.0009995681351,0.27
0.0009995685351,0.2346
0.0009995689351,0.1904
0.0009995693351,0.1404
0.0009995697351,0.0902
0.0009995701351,0.0464
0.0009995705351,0.0174
0.0009995709351,0.0024
0.0009995713351,-0.0004
0.0009995717351,0.0034
0.0009995721351,0.014
0.0009995725351,0.0286
0.0009995729351,0.052
0.0009995733351,0.0858
0.0009995737351,0.1346
0.0009995741351,0.1884
0.0009995745351,0.2482
0.0009995749351,0.2994
0.0009995753351,0.336
0.0009995757351,0.3564
0.0009995761351,0.3594
0.0009995765351,0.3452
0.0009995769351,0.3228
0.0009995773351,0.291
0.0009995777351,0.2562
0.0009995781351,0.2166
0.0009995785351,0.1712
0.0009995789351,0.1234
0.0009995793351,0.0772
0.0009995797351,0.0386
0.0009995801351,0.0146
0.0009995805351,0.0016
0.0009995809351,0
0.0009995813351,0.0052
0.0009995817351,0.0158
0.0009995821351,0.034
0.0009995825351,0.0608
0.0009995829351,0.0998
0.0009995833351,0.1512
0.0009995837351,0.2086
0.0009995841351,0.2656
0.0009995845351,0.3106
0.0009995849351,0.3418
0.0009995853351,0.3548
0.0009995857351,0.3538
0.0009995861351,0.337
0.0009995865351,0.3144
0.0009995869351,0.2852
0.0009995873351,0.251
0.0009995877351,0.2086
0.0009995881351,0.1602
0.0009995885351,0.1096
0.0009995889351,0.064
0.0009995893351,0.028
0.0009995897351,0.0078
0.0009995901351,-0.0002
0.0009995905351,0.0012
0.0009995909351,0.0076
0.0009995913351,0.0216
0.0009995917351,0.0406
0.0009995921351,0.0708
0.0009995925351,0.1126
0.0009995929351,0.1668
0.0009995933351,0.2244
0.0009995937351,0.2794
0.0009995941351,0.3218
0.0009995945351,0.3498
0.0009995949351,0.3572
0.0009995953351,0.352
0.0009995957351,0.3348
0.0009995961351,0.3124
0.0009995965351,0.2782
0.0009995969351,0.2392
0.0009995973351,0.1938
0.0009995977351,0.1432
0.0009995981351,0.0916
0.0009995985351,0.05
0.0009995989351,0.018
0.0009995993351,0.0038
0.0009995997351,-0.0002
0.0009996001351,0.004
0.0009996005351,0.0126
0.0009996009351,0.0274
0.0009996013351,0.0492
0.0009996017351,0.0828
0.0009996021351,0.1286
0.0009996025351,0.1862
0.0009996029351,0.2434
0.0009996033351,0.2964
0.0009996037351,0.3334
0.0009996041351,0.3526
0.0009996045351,0.353
0.0009996049351,0.3418
0.0009996053351,0.3216
0.0009996057351,0.2976
0.0009996061351,0.2666
0.0009996065351,0.23
0.0009996069351,0.1836
0.0009996073351,0.1304
0.0009996077351,0.0788
0.0009996081351,0.0368
0.0009996085351,0.0092
0.0009996089351,-0.0004
0.0009996093351,-0.0004
0.0009996097351,0.0066
0.0009996101351,0.0154
0.0009996105351,0.0328
0.0009996109351,0.0572
0.0009996113351,0.0944
0.0009996117351,0.144
0.0009996121351,0.2028
0.0009996125351,0.2602
0.0009996129351,0.31
0.0009996133351,0.3432
0.0009996137351,0.3582
0.0009996141351,0.3544
0.0009996145351,0.3416
0.0009996149351,0.3178
0.0009996153351,0.2898
0.0009996157351,0.2556
0.0009996161351,0.2146
0.0009996165351,0.1642
0.0009996169351,0.1128
0.0009996173351,0.0638
0.0009996177351,0.0288
0.0009996181351,0.0068
0.0009996185351,0.0014
0.0009996189351,0.0022
0.0009996193351,0.0086
0.0009996197351,0.019
0.0009996201351,0.0378
0.0009996205351,0.0664
0.0009996209351,0.1078
0.0009996213351,0.1592
0.0009996217351,0.217
0.0009996221351,0.2722
0.0009996225351,0.319
0.0009996229351,0.348
0.0009996233351,0.3594
0.0009996237351,0.3536
0.0009996241351,0.3364
0.0009996245351,0.3082
0.0009996249351,0.2772
0.0009996253351,0.2408
0.0009996257351,0.197
0.0009996261351,0.1482
0.0009996265351,0.1
0.0009996269351,0.0552
0.0009996273351,0.0226
0.0009996277351,0.004
0.0009996281351,-0.0002
0.0009996285351,0.0032
0.0009996289351,0.0116
0.0009996293351,0.0228
0.0009996297351,0.0446
0.0009996301351,0.0758
0.0009996305351,0.1218
0.0009996309351,0.1782
0.0009996313351,0.2388
0.0009996317351,0.2938
0.0009996321351,0.337
0.0009996325351,0.3552
0.0009996329351,0.3578
0.0009996333351,0.3428
0.0009996337351,0.3238
0.0009996341351,0.298
0.0009996345351,0.27
0.0009996349351,0.2326
0.0009996353351,0.1868
0.0009996357351,0.1334
0.0009996361351,0.0822
0.0009996365351,0.0404
0.0009996369351,0.0134
0.0009996373351,-0.0002
0.0009996377351,-0.001
0.0009996381351,0.0044
0.0009996385351,0.0156
0.0009996389351,0.03
0.0009996393351,0.0548
0.0009996397351,0.0914
0.0009996401351,0.1408
0.0009996405351,0.1972
0.0009996409351,0.255
0.0009996413351,0.3038
0.0009996417351,0.3396
0.0009996421351,0.3546
0.0009996425351,0.3556
0.0009996429351,0.3422
0.0009996433351,0.3204
0.0009996437351,0.2914
0.0009996441351,0.2572
0.0009996445351,0.2154
0.0009996449351,0.168
0.0009996453351,0.1184
0.0009996457351,0.0714
0.0009996461351,0.0332
0.0009996465351,0.0102
0.0009996469351,-0.0004
0.0009996473351,0.0008
0.0009996477351,0.0058
0.0009996481351,0.018
0.0009996485351,0.0352
0.0009996489351,0.0626
0.0009996493351,0.1034
0.0009996497351,0.1578
0.0009996501351,0.2172
0.0009996505351,0.2742
0.0009996509351,0.3198
0.0009996513351,0.3486
0.0009996517351,0.3564
0.0009996521351,0.3496
0.0009996525351,0.3298
0.0009996529351,0.3076
0.0009996533351,0.2792
0.0009996537351,0.2486
0.0009996541351,0.2088
0.0009996545351,0.1594
0.0009996549351,0.104
0.0009996553351,0.0556
0.0009996557351,0.0204
0.0009996561351,0.0038
0.0009996565351,-0.0018
0.0009996569351,0.003
0.0009996573351,0.011
0.0009996577351,0.0242
0.0009996581351,0.0442
0.0009996585351,0.075
0.0009996589351,0.1188
0.0009996593351,0.1742
0.0009996597351,0.2316
0.0009996601351,0.286
0.0009996605351,0.327
0.0009996609351,0.3544
0.0009996613351,0.3586
0.0009996617351,0.3506
0.0009996621351,0.3316
0.0009996625351,0.3046
0.0009996629351,0.2722
0.0009996633351,0.2336
0.0009996637351,0.187
0.0009996641351,0.1364
0.0009996645351,0.0854
0.0009996649351,0.0446
0.0009996653351,0.0164
0.0009996657351,0.0034
0.0009996661351,-0.0006
0.0009996665351,0.0044
0.0009996669351,0.0136
0.0009996673351,0.028
0.0009996677351,0.0508
0.0009996681351,0.0858
0.0009996685351,0.1342
0.0009996689351,0.192
0.0009996693351,0.2488
0.0009996697351,0.301
0.0009996701351,0.3374
0.0009996705351,0.3564
0.0009996709351,0.3564
0.0009996713351,0.3418
0.0009996717351,0.3178
0.0009996721351,0.292
0.0009996725351,0.2598
0.0009996729351,0.2238
0.0009996733351,0.1764
0.0009996737351,0.1248
0.0009996741351,0.0736
0.0009996745351,0.0352
0.0009996749351,0.0098
0.0009996753351,-0.0002
0.0009996757351,-0.0006
0.0009996761351,0.0062
0.0009996765351,0.017
0.0009996769351,0.0342
0.0009996773351,0.0612
0.0009996777351,0.1014
0.0009996781351,0.1514
0.0009996785351,0.2108
0.0009996789351,0.2678
0.0009996793351,0.3148
0.0009996797351,0.345
0.0009996801351,0.3584
0.0009996805351,0.3526
0.0009996809351,0.3364
0.0009996813351,0.3122
0.0009996817351,0.2838
0.0009996821351,0.2498
0.0009996825351,0.2076
0.0009996829351,0.1588
0.0009996833351,0.108
0.0009996837351,0.0596
0.0009996841351,0.0258
0.0009996845351,0.0058
0.0009996849351,-0.0002
0.0009996853351,0.002
0.0009996857351,0.0092
0.0009996861351,0.0216
0.0009996865351,0.0424
0.0009996869351,0.0714
0.0009996873351,0.116
0.0009996877351,0.1682
0.0009996881351,0.2276
0.0009996885351,0.282
0.0009996889351,0.324
0.0009996893351,0.3484
0.0009996897351,0.3594
0.0009996901351,0.3508
0.0009996905351,0.3328
0.0009996909351,0.3062
0.0009996913351,0.276
0.0009996917351,0.239
0.0009996921351,0.1944
0.0009996925351,0.1424
0.0009996929351,0.093
0.0009996933351,0.0482
0.0009996937351,0.0172
0.0009996941351,0.0024
0.0009996945351,-0.0008
0.0009996949351,0.0028
0.0009996953351,0.013
0.0009996957351,0.0268
0.0009996961351,0.0492
0.0009996965351,0.0826
0.0009996969351,0.1306
0.0009996973351,0.1856
0.0009996977351,0.2466
0.0009996981351,0.2972
0.0009996985351,0.3358
0.0009996989351,0.355
0.0009996993351,0.3596
0.0009996997351,0.3464
0.0009997001351,0.3254
0.0009997005351,0.296
0.0009997009351,0.2642
0.0009997013351,0.2226
0.0009997017351,0.1774
0.0009997021351,0.1258
0.0009997025351,0.0786
0.0009997029351,0.038
0.0009997033351,0.0118
0.0009997037351,0.0014
0.0009997041351,0
0.0009997045351,0.0052
0.0009997049351,0.017
0.0009997053351,0.0338
0.0009997057351,0.0598
0.0009997061351,0.0974
0.0009997065351,0.148
0.0009997069351,0.2038
0.0009997073351,0.2632
0.0009997077351,0.31
0.0009997081351,0.3436
0.0009997085351,0.3566
0.0009997089351,0.3538
0.0009997093351,0.3366
0.0009997097351,0.3148
0.0009997101351,0.2858
0.0009997105351,0.2528
0.0009997109351,0.213
0.0009997113351,0.1636
0.0009997117351,0.1104
0.0009997121351,0.0626
0.0009997125351,0.0264
0.0009997129351,0.0066
0.0009997133351,-0.0008
0.0009997137351,0.0016
0.0009997141351,0.0078
0.0009997145351,0.0196
0.0009997149351,0.0386
0.0009997153351,0.0686
0.0009997157351,0.1096
0.0009997161351,0.1644
0.0009997165351,0.2228
0.0009997169351,0.2792
0.0009997173351,0.3224
0.0009997177351,0.3496
0.0009997181351,0.356
0.0009997185351,0.3506
0.0009997189351,0.332
0.0009997193351,0.308
0.0009997197351,0.2776
0.0009997201351,0.2432
0.0009997205351,0.1994
0.0009997209351,0.1502
0.0009997213351,0.0974
0.0009997217351,0.053
0.0009997221351,0.0194
0.0009997225351,0.0042
0.0009997229351,-0.0004
0.0009997233351,0.003
0.0009997237351,0.0102
0.0009997241351,0.0244
0.0009997245351,0.0464
0.0009997249351,0.0808
0.0009997253351,0.1256
0.0009997257351,0.1808
0.0009997261351,0.2374
0.0009997265351,0.2908
0.0009997269351,0.3296
0.0009997273351,0.3536
0.0009997277351,0.3586
0.0009997281351,0.3514
0.0009997285351,0.3302
0.0009997289351,0.3032
0.0009997293351,0.2684
0.0009997297351,0.2298
0.0009997301351,0.1826
0.0009997305351,0.1324
0.0009997309351,0.0826
0.0009997313351,0.0432
0.0009997317351,0.0154
0.0009997321351,0.0022
0.0009997325351,-0.0004
0.0009997329351,0.0042
0.0009997333351,0.0132
0.0009997337351,0.0286
0.0009997341351,0.0532
0.0009997345351,0.0906
0.0009997349351,0.1388
0.0009997353351,0.198
0.0009997357351,0.2564
0.0009997361351,0.307
0.0009997365351,0.3398
0.0009997369351,0.3558
0.0009997373351,0.3532
0.0009997377351,0.3406
0.0009997381351,0.3194
0.0009997385351,0.2924
0.0009997389351,0.2574
0.0009997393351,0.2168
0.0009997397351,0.1664
0.0009997401351,0.1152
0.0009997405351,0.0658
0.0009997409351,0.029
0.0009997413351,0.0076
0.0009997417351,0.0006
0.0009997421351,0.0014
0.0009997425351,0.0084
0.0009997429351,0.0192
0.0009997433351,0.0374
0.0009997437351,0.0654
0.0009997441351,0.1072
0.0009997445351,0.1588
0.0009997449351,0.218
0.0009997453351,0.2718
0.0009997457351,0.3166
0.0009997461351,0.345
0.0009997465351,0.3556
0.0009997469351,0.351
0.0009997473351,0.335
0.0009997477351,0.3118
0.0009997481351,0.2826
0.0009997485351,0.2456
0.0009997489351,0.2022
0.0009997493351,0.151
0.0009997497351,0.0994
0.0009997501351,0.0538
0.0009997505351,0.0234
0.0009997509351,0.0054
0.0009997513351,0.0002
0.0009997517351,0.003
0.0009997521351,0.0108
0.0009997525351,0.0222
0.0009997529351,0.0428
0.0009997533351,0.074
0.0009997537351,0.1206
0.0009997541351,0.1758
0.0009997545351,0.2354
0.0009997549351,0.2876
0.0009997553351,0.33
0.0009997557351,0.351
0.0009997561351,0.355
0.0009997565351,0.3432
0.0009997569351,0.3236
0.0009997573351,0.2974
0.0009997577351,0.2706
0.0009997581351,0.235
0.0009997585351,0.1904
0.0009997589351,0.1382
0.0009997593351,0.0866
0.0009997597351,0.0422
0.0009997601351,0.0136
0.0009997605351,0.0014
0.0009997609351,0
0.0009997613351,0.0044
0.0009997617351,0.0144
0.0009997621351,0.0274
0.0009997625351,0.0514
0.0009997629351,0.0856
0.0009997633351,0.133
0.0009997637351,0.1922
0.0009997641351,0.254
0.0009997645351,0.3076
0.0009997649351,0.3454
0.0009997653351,0.3608
0.0009997657351,0.3566
0.0009997661351,0.3382
0.0009997665351,0.3146
0.0009997669351,0.2868
0.0009997673351,0.258
0.0009997677351,0.2222
0.0009997681351,0.177
0.0009997685351,0.1248
0.0009997689351,0.0746
0.0009997693351,0.0324
0.0009997697351,0.0074
0.0009997701351,-0.002
0.0009997705351,-0.0008
0.0009997709351,0.0064
0.0009997713351,0.0186
0.0009997717351,0.0338
0.0009997721351,0.0614
0.0009997725351,0.1
0.0009997729351,0.1528
0.0009997733351,0.2112
0.0009997737351,0.2694
0.0009997741351,0.3172
0.0009997745351,0.3494
0.0009997749351,0.3586
0.0009997753351,0.3518
0.0009997757351,0.3344
0.0009997761351,0.3114
0.0009997765351,0.2822
0.0009997769351,0.249
0.0009997773351,0.2062
0.0009997777351,0.158
0.0009997781351,0.104
0.0009997785351,0.0588
0.0009997789351,0.0236
0.0009997793351,0.0056
0.0009997797351,-0.0018
0.0009997801351,0.001
0.0009997805351,0.009
0.0009997809351,0.0214
0.0009997813351,0.042
0.0009997817351,0.0744
0.0009997821351,0.1178
0.0009997825351,0.1716
0.0009997829351,0.2304
0.0009997833351,0.2846
0.0009997837351,0.3264
0.0009997841351,0.3518
0.0009997845351,0.3564
0.0009997849351,0.3484
0.0009997853351,0.3268
0.0009997857351,0.3022
0.0009997861351,0.2732
0.0009997865351,0.2394
0.0009997869351,0.1948
0.0009997873351,0.144
0.0009997877351,0.0912
0.0009997881351,0.0474
0.0009997885351,0.0166
0.0009997889351,0.0026
0.0009997893351,-0.0008
0.0009997897351,0.0034
0.0009997901351,0.012
0.0009997905351,0.0282
0.0009997909351,0.0494
0.0009997913351,0.085
0.0009997917351,0.1322
0.0009997921351,0.1898
0.0009997925351,0.2482
0.0009997929351,0.2998
0.0009997933351,0.3358
0.0009997937351,0.3552
0.0009997941351,0.3542
0.0009997945351,0.3424
0.0009997949351,0.3216
0.0009997953351,0.2956
0.0009997957351,0.2642
0.0009997961351,0.2242
0.0009997965351,0.1764
0.0009997969351,0.1254
0.0009997973351,0.0746
0.0009997977351,0.0364
0.0009997981351,0.0126
0.0009997985351,0.0018
0.0009997989351,0
0.0009997993351,0.0058
0.0009997997351,0.0158
0.0009998001351,0.0322
0.0009998005351,0.058
0.0009998009351,0.0974
0.0009998013351,0.1488
0.0009998017351,0.207
0.0009998021351,0.2648
0.0009998025351,0.3142
0.0009998029351,0.346
0.0009998033351,0.3588
0.0009998037351,0.352
0.0009998041351,0.3356
0.0009998045351,0.3124
0.0009998049351,0.2852
0.0009998053351,0.254
0.0009998057351,0.214
0.0009998061351,0.1644
0.0009998065351,0.1128
0.0009998069351,0.0626
0.0009998073351,0.0274
0.0009998077351,0.0062
0.0009998081351,-0.001
0.0009998085351,0.0008
0.0009998089351,0.0094
0.0009998093351,0.0208
0.0009998097351,0.0412
0.0009998101351,0.0692
0.0009998105351,0.1132
0.0009998109351,0.166
0.0009998113351,0.226
0.0009998117351,0.28
0.0009998121351,0.3238
0.0009998125351,0.3486
0.0009998129351,0.3566
0.0009998133351,0.3498
0.0009998137351,0.332
0.0009998141351,0.307
0.0009998145351,0.2776
0.0009998149351,0.2404
0.0009998153351,0.1962
0.0009998157351,0.1442
0.0009998161351,0.0954
0.0009998165351,0.0506
0.0009998169351,0.0204
0.0009998173351,0.0032
0.0009998177351,-0.0004
0.0009998181351,0.0024
0.0009998185351,0.0124
0.0009998189351,0.026
0.0009998193351,0.0482
0.0009998197351,0.0798
0.0009998201351,0.1272
0.0009998205351,0.182
0.0009998209351,0.2404
0.0009998213351,0.2936
0.0009998217351,0.3334
0.0009998221351,0.3544
0.0009998225351,0.359
0.0009998229351,0.3462
0.0009998233351,0.3242
0.0009998237351,0.2968
0.0009998241351,0.264
0.0009998245351,0.2252
0.0009998249351,0.182
0.0009998253351,0.1308
0.0009998257351,0.0814
0.0009998261351,0.0406
0.0009998265351,0.0134
0.0009998269351,0.001
0.0009998273351,-0.0002
0.0009998277351,0.004
0.0009998281351,0.0154
0.0009998285351,0.032
0.0009998289351,0.0574
0.0009998293351,0.093
0.0009998297351,0.1442
0.0009998301351,0.2002
0.0009998305351,0.2596
0.0009998309351,0.3072
0.0009998313351,0.3394
0.0009998317351,0.3534
0.0009998321351,0.3528
0.0009998325351,0.3386
0.0009998329351,0.3174
0.0009998333351,0.2902
0.0009998337351,0.257
0.0009998341351,0.2164
0.0009998345351,0.1678
0.0009998349351,0.1146
0.0009998353351,0.0664
0.0009998357351,0.0282
0.0009998361351,0.0072
0.0009998365351,0
0.0009998369351,0.0016
0.0009998373351,0.007
0.0009998377351,0.0204
0.0009998381351,0.0376
0.0009998385351,0.066
0.0009998389351,0.1066
0.0009998393351,0.1602
0.0009998397351,0.219
0.0009998401351,0.2762
0.0009998405351,0.3198
0.0009998409351,0.348
0.0009998413351,0.3558
0.0009998417351,0.3502
0.0009998421351,0.3304
0.0009998425351,0.3074
0.0009998429351,0.278
0.0009998433351,0.244
0.0009998437351,0.2008
0.0009998441351,0.153
0.0009998445351,0.1014
0.0009998449351,0.0554
0.0009998453351,0.021
0.0009998457351,0.004
0.0009998461351,-0.0018
0.0009998465351,0.0024
0.0009998469351,0.0102
0.0009998473351,0.0238
0.0009998477351,0.0454
0.0009998481351,0.0778
0.0009998485351,0.1228
0.0009998489351,0.178
0.0009998493351,0.2364
0.0009998497351,0.2902
0.0009998501351,0.3304
0.0009998505351,0.354
0.0009998509351,0.3564
0.0009998513351,0.3476
0.0009998517351,0.3272
0.0009998521351,0.3012
0.0009998525351,0.2702
0.0009998529351,0.2334
0.0009998533351,0.1882
0.0009998537351,0.1366
0.0009998541351,0.0842
0.0009998545351,0.043
0.0009998549351,0.0146
0.0009998553351,0.002
0.0009998557351,0.0006
0.0009998561351,0.0052
0.0009998565351,0.0142
0.0009998569351,0.0292
0.0009998573351,0.0516
0.0009998577351,0.0882
0.0009998581351,0.1348
0.0009998585351,0.1942
0.0009998589351,0.2532
0.0009998593351,0.306
0.0009998597351,0.3406
0.0009998601351,0.3574
0.0009998605351,0.355
0.0009998609351,0.3422
0.0009998613351,0.319
0.0009998617351,0.29
0.0009998621351,0.257
0.0009998625351,0.2176
0.0009998629351,0.1714
0.0009998633351,0.1216
0.0009998637351,0.0726
0.0009998641351,0.0348
0.0009998645351,0.01
0.0009998649351,0.0002
0.0009998653351,0.0014
0.0009998657351,0.008
0.0009998661351,0.0186
0.0009998665351,0.0356
0.0009998669351,0.0632
0.0009998673351,0.103
0.0009998677351,0.153
0.0009998681351,0.2122
0.0009998685351,0.2686
0.0009998689351,0.3168
0.0009998693351,0.3454
0.0009998697351,0.3556
0.0009998701351,0.3524
0.0009998705351,0.338
0.0009998709351,0.3146
0.0009998713351,0.2858
0.0009998717351,0.2496
0.0009998721351,0.2048
0.0009998725351,0.1538
0.0009998729351,0.1022
0.0009998733351,0.056
0.0009998737351,0.0236
0.0009998741351,0.0048
0.0009998745351,-0.0006
0.0009998749351,0.002
0.0009998753351,0.0102
0.0009998757351,0.0212
0.0009998761351,0.0416
0.0009998765351,0.0722
0.0009998769351,0.1178
0.0009998773351,0.1736
0.0009998777351,0.2338
0.0009998781351,0.2864
0.0009998785351,0.3284
0.0009998789351,0.3504
0.0009998793351,0.3544
0.0009998797351,0.3452
0.0009998801351,0.3276
0.0009998805351,0.3036
0.0009998809351,0.2746
0.0009998813351,0.239
0.0009998817351,0.1928
0.0009998821351,0.1406
0.0009998825351,0.09
0.0009998829351,0.046
0.0009998833351,0.0174
0.0009998837351,0.0014
0.0009998841351,-0.0008
0.0009998845351,0.0038
0.0009998849351,0.0132
0.0009998853351,0.0266
0.0009998857351,0.0504
0.0009998861351,0.0856
0.0009998865351,0.1344
0.0009998869351,0.1918
0.0009998873351,0.2506
0.0009998877351,0.3002
0.0009998881351,0.3374
0.0009998885351,0.3536
0.0009998889351,0.3548
0.0009998893351,0.343
0.0009998897351,0.3254
0.0009998901351,0.2984
0.0009998905351,0.265
0.0009998909351,0.224
0.0009998913351,0.1754
0.0009998917351,0.121
0.0009998921351,0.0732
0.0009998925351,0.034
0.0009998929351,0.0124
0.0009998933351,0.0018
0.0009998937351,0.0014
0.0009998941351,0.0066
0.0009998945351,0.017
0.0009998949351,0.032
0.0009998953351,0.0592
0.0009998957351,0.0986
0.0009998961351,0.151
0.0009998965351,0.2086
0.0009998969351,0.2646
0.0009998973351,0.3108
0.0009998977351,0.3426
0.0009998981351,0.3556
0.0009998985351,0.3532
0.0009998989351,0.3376
0.0009998993351,0.3158
0.0009998997351,0.2862
0.0009999001351,0.2506
0.0009999005351,0.2064
0.0009999009351,0.1582
0.0009999013351,0.108
0.0009999017351,0.0638
0.0009999021351,0.0294
0.0009999025351,0.0084
0.0009999029351,0.0004
0.0009999033351,0.0014
0.0009999037351,0.0086
0.0009999041351,0.021
0.0009999045351,0.0392
0.0009999049351,0.071
0.0009999053351,0.1152
0.0009999057351,0.1696
0.0009999061351,0.2278
0.0009999065351,0.2814
0.0009999069351,0.3216
0.0009999073351,0.3472
0.0009999077351,0.3536
0.0009999081351,0.3472
0.0009999085351,0.33
0.0009999089351,0.3078
0.0009999093351,0.2776
0.0009999097351,0.2404
0.0009999101351,0.1936
0.0009999105351,0.1418
0.0009999109351,0.0902
0.0009999113351,0.0478
0.0009999117351,0.0174
0.0009999121351,0.0042
0.0009999125351,-0.0012
0.0009999129351,0.0042
0.0009999133351,0.0122
0.0009999137351,0.027
0.0009999141351,0.0474
0.0009999145351,0.0808
0.0009999149351,0.127
0.0009999153351,0.1848
0.0009999157351,0.2438
0.0009999161351,0.2972
0.0009999165351,0.3334
0.0009999169351,0.354
0.0009999173351,0.3554
0.0009999177351,0.3426
0.0009999181351,0.3206
0.0009999185351,0.294
0.0009999189351,0.2634
0.0009999193351,0.2256
0.0009999197351,0.1788
0.0009999201351,0.1292
0.0009999205351,0.0792
0.0009999209351,0.0388
0.0009999213351,0.0116
0.0009999217351,0.0002
0.0009999221351,-0.0016
0.0009999225351,0.005
0.0009999229351,0.0154
0.0009999233351,0.0318
0.0009999237351,0.0562
0.0009999241351,0.0952
0.0009999245351,0.1448
0.0009999249351,0.2046
0.0009999253351,0.2636
0.0009999257351,0.3126
0.0009999261351,0.3448
0.0009999265351,0.3588
0.0009999269351,0.3544
0.0009999273351,0.3362
0.0009999277351,0.312
0.0009999281351,0.2868
0.0009999285351,0.2548
0.0009999289351,0.2152
0.0009999293351,0.167
0.0009999297351,0.1162
0.0009999301351,0.0672
0.0009999305351,0.03
0.0009999309351,0.0074
0.0009999313351,-0.0008
0.0009999317351,-0.0006
0.0009999321351,0.0076
0.0009999325351,0.0198
0.0009999329351,0.0382
0.0009999333351,0.0676
0.0009999337351,0.1108
0.0009999341351,0.1636
0.0009999345351,0.2242
0.0009999349351,0.2788
0.0009999353351,0.3214
0.0009999357351,0.3478
0.0009999361351,0.3556
0.0009999365351,0.3482
0.0009999369351,0.3328
0.0009999373351,0.3098
0.0009999377351,0.2818
0.0009999381351,0.2468
0.0009999385351,0.2022
0.0009999389351,0.149
0.0009999393351,0.0966
0.0009999397351,0.0516
0.0009999401351,0.0196
0.0009999405351,0.0028
0.0009999409351,-0.0012
0.0009999413351,0.0018
0.0009999417351,0.0118
0.0009999421351,0.0264
0.0009999425351,0.0476
0.0009999429351,0.0786
0.0009999433351,0.126
0.0009999437351,0.1812
0.0009999441351,0.2394
0.0009999445351,0.2924
0.0009999449351,0.3318
0.0009999453351,0.3522
0.0009999457351,0.3572
0.0009999461351,0.346
0.0009999465351,0.326
0.0009999469351,0.2984
0.0009999473351,0.2656
0.0009999477351,0.2264
0.0009999481351,0.1808
0.0009999485351,0.1326
0.0009999489351,0.084
0.0009999493351,0.0428
0.0009999497351,0.0162
0.0009999501351,0.0022
0.0009999505351,-0.0002
0.0009999509351,0.0044
0.0009999513351,0.0146
0.0009999517351,0.0292
0.0009999521351,0.0536
0.0009999525351,0.088
0.0009999529351,0.1386
0.0009999533351,0.194
0.0009999537351,0.255
0.0009999541351,0.3056
0.0009999545351,0.3426
0.0009999549351,0.358
0.0009999553351,0.3568
0.0009999557351,0.3404
0.0009999561351,0.3162
0.0009999565351,0.2868
0.0009999569351,0.2566
0.0009999573351,0.2174
0.0009999577351,0.1712
0.0009999581351,0.1204
0.0009999585351,0.0712
0.0009999589351,0.0326
0.0009999593351,0.0092
0.0009999597351,-0.0008
0.0009999601351,0.002
0.0009999605351,0.0062
0.0009999609351,0.0192
0.0009999613351,0.0382
0.0009999617351,0.065
0.0009999621351,0.1042
0.0009999625351,0.156
0.0009999629351,0.2126
0.0009999633351,0.2698
0.0009999637351,0.3164
0.0009999641351,0.346
0.0009999645351,0.3576
0.0009999649351,0.3522
0.0009999653351,0.3344
0.0009999657351,0.31
0.0009999661351,0.2788
0.0009999665351,0.2454
0.0009999669351,0.2026
0.0009999673351,0.1544
0.0009999677351,0.1024
0.0009999681351,0.0576
0.0009999685351,0.0232
0.0009999689351,0.0052
0.0009999693351,-0.001
0.0009999697351,0.002
0.0009999701351,0.0098
0.0009999705351,0.024
0.0009999709351,0.0448
0.0009999713351,0.0756
0.0009999717351,0.1188
0.0009999721351,0.174
0.0009999725351,0.2328
0.0009999729351,0.2884
0.0009999733351,0.33
0.0009999737351,0.3558
0.0009999741351,0.3612
0.0009999745351,0.3514
0.0009999749351,0.3286
0.0009999753351,0.301
0.0009999757351,0.2676
0.0009999761351,0.2302
0.0009999765351,0.186
0.0009999769351,0.1374
0.0009999773351,0.0868
0.0009999777351,0.045
0.0009999781351,0.0144
0.0009999785351,0.0006
0.0009999789351,-0.0018
0.0009999793351,0.0038
0.0009999797351,0.0124
0.0009999801351,0.029
0.0009999805351,0.0538
0.0009999809351,0.0894
0.0009999813351,0.1362
0.0009999817351,0.193
0.0009999821351,0.2494
0.0009999825351,0.3018
0.0009999829351,0.3378
0.0009999833351,0.3556
0.0009999837351,0.3564
0.0009999841351,0.3436
0.0009999845351,0.321
0.0009999849351,0.2936
0.0009999853351,0.259
0.0009999857351,0.22
0.0009999861351,0.1758
0.0009999865351,0.1258
0.0009999869351,0.076
0.0009999873351,0.0356
0.0009999877351,0.0088
0.0009999881351,-0.001
0.0009999885351,-0.0006
0.0009999889351,0.0064
0.0009999893351,0.017
0.0009999897351,0.036
0.0009999901351,0.063
0.0009999905351,0.1034
0.0009999909351,0.1548
0.0009999913351,0.2118
0.0009999917351,0.2672
0.0009999921351,0.3136
0.0009999925351,0.3446
0.0009999929351,0.3552
0.0009999933351,0.3516
0.0009999937351,0.3378
0.0009999941351,0.3148
0.0009999945351,0.2858
0.0009999949351,0.2496
0.0009999953351,0.2072
0.0009999957351,0.1586
0.0009999961351,0.1076
0.0009999965351,0.06
0.0009999969351,0.0254
0.0009999973351,0.005
0.0009999977351,-0.0006
0.0009999981351,0.0016
0.0009999985351,0.01
0.0009999989351,0.0222
0.0009999993351,0.0428
0.0009999997351,0.0736
0.001000000135,0.116
0.001000000535,0.1686
0.001000000935,0.2278
0.001000001335,0.2818
0.001000001735,0.3264
0.001000002135,0.352
0.001000002535,0.358
0.001000002935,0.3484
0.001000003335,0.3298
0.001000003735,0.3038
0.001000004135,0.275
0.001000004535,0.239
0.001000004935,0.1938
0.001000005335,0.142
0.001000005735,0.0918
0.001000006135,0.0484
0.001000006535,0.0184
0.001000006935,0.0034
0.001000007335,-0.001
0.001000007735,0.0034
0.001000008135,0.0118
0.001000008535,0.0244
0.001000008935,0.049
0.001000009335,0.0822
0.001000009735,0.1294
0.001000010135,0.186
0.001000010535,0.2458
0.001000010935,0.297
0.001000011335,0.3354
0.001000011735,0.3544
0.001000012135,0.3548
0.001000012535,0.3432
0.001000012935,0.3236
0.001000013335,0.2952
0.001000013735,0.2628
0.001000014135,0.2222
0.001000014535,0.1762
0.001000014935,0.1254
0.001000015335,0.0774
0.001000015735,0.0372
0.001000016135,0.0128
0.001000016535,0.001
0.001000016935,0.001
0.001000017335,0.0072
0.001000017735,0.0162
0.001000018135,0.031
0.001000018535,0.058
0.001000018935,0.0956
0.001000019335,0.1454
0.001000019735,0.204
0.001000020135,0.2628
0.001000020535,0.3112
0.001000020935,0.3468
0.001000021335,0.3598
0.001000021735,0.3562
0.001000022135,0.339
0.001000022535,0.3158
0.001000022935,0.2838
0.001000023335,0.2498
0.001000023735,0.2094
0.001000024135,0.1638
0.001000024535,0.1138
0.001000024935,0.0678
0.001000025335,0.0302
0.001000025735,0.0088
0.001000026135,-0.001
0.001000026535,0.0002
0.001000026935,0.0084
0.001000027335,0.02
0.001000027735,0.0386
0.001000028135,0.0696
0.001000028535,0.1132
0.001000028935,0.1668
0.001000029335,0.2236
0.001000029735,0.2788
0.001000030135,0.321
0.001000030535,0.349
0.001000030935,0.357
0.001000031335,0.35
0.001000031735,0.3328
0.001000032135,0.3094
0.001000032535,0.279
0.001000032935,0.2436
0.001000033335,0.1992
0.001000033735,0.1484
0.001000034135,0.0958
0.001000034535,0.0522
0.001000034935,0.0192
0.001000035335,0.0026
0.001000035735,-0.0018
0.001000036135,0.0026
0.001000036535,0.0102
0.001000036935,0.0254
0.001000037335,0.0452
0.001000037735,0.08
0.001000038135,0.1256
0.001000038535,0.1826
0.001000038935,0.241
0.001000039335,0.296
0.001000039735,0.3342
0.001000040135,0.3558
0.001000040535,0.3562
0.001000040935,0.3428
0.001000041335,0.3218
0.001000041735,0.2952
0.001000042135,0.2644
0.001000042535,0.2266
0.001000042935,0.1822
0.001000043335,0.1332
0.001000043735,0.0824
0.001000044135,0.041
0.001000044535,0.0126
0.001000044935,0.0004
0.001000045335,-0.0012
0.001000045735,0.0062
0.001000046135,0.0168
0.001000046535,0.033
0.001000046935,0.0562
0.001000047335,0.0932
0.001000047735,0.141
0.001000048135,0.1984
0.001000048535,0.2566
0.001000048935,0.3068
0.001000049335,0.3412
0.001000049735,0.3586
0.001000050135,0.3558
0.001000050535,0.3394
0.001000050935,0.3156
0.001000051335,0.2888
0.001000051735,0.256
0.001000052135,0.2166
0.001000052535,0.1684
0.001000052935,0.1188
0.001000053335,0.069
0.001000053735,0.0316
0.001000054135,0.0076
0.001000054535,-0.0008
0.001000054935,-0.0012
0.001000055335,0.0074
0.001000055735,0.0188
0.001000056135,0.0378
0.001000056535,0.0658
0.001000056935,0.108
0.001000057335,0.1596
0.001000057735,0.2184
0.001000058135,0.2734
0.001000058535,0.3202
0.001000058935,0.3484
0.001000059335,0.3598
0.001000059735,0.3532
0.001000060135,0.3338
0.001000060535,0.305
0.001000060935,0.275
0.001000061335,0.2402
0.001000061735,0.199
0.001000062135,0.1522
0.001000062535,0.103
0.001000062935,0.0578
0.001000063335,0.0244
0.001000063735,0.0054
0.001000064135,0.0002
0.001000064535,0.0008
0.001000064935,0.0102
0.001000065335,0.0238
0.001000065735,0.046
0.001000066135,0.0772
0.001000066535,0.1234
0.001000066935,0.176
0.001000067335,0.2334
0.001000067735,0.2864
0.001000068135,0.3272
0.001000068535,0.3508
0.001000068935,0.3574
0.001000069335,0.3488
0.001000069735,0.3292
0.001000070135,0.3016
0.001000070535,0.27
0.001000070935,0.2324
0.001000071335,0.1888
0.001000071735,0.1384
0.001000072135,0.089
0.001000072535,0.045
0.001000072935,0.0158
0.001000073335,0.001
0.001000073735,-0.0006
0.001000074135,0.0028
0.001000074535,0.013
0.001000074935,0.0274
0.001000075335,0.0518
0.001000075735,0.0866
0.001000076135,0.1372
0.001000076535,0.1926
0.001000076935,0.253
0.001000077335,0.3032
0.001000077735,0.3392
0.001000078135,0.3554
0.001000078535,0.3554
0.001000078935,0.3412
0.001000079335,0.3178
0.001000079735,0.2894
0.001000080135,0.2582
0.001000080535,0.2192
0.001000080935,0.1728
0.001000081335,0.122
0.001000081735,0.0718
0.001000082135,0.0332
0.001000082535,0.01
0.001000082935,0.0006
0.001000083335,0.0008
0.001000083735,0.006
0.001000084135,0.0176
0.001000084535,0.0346
0.001000084935,0.0628
0.001000085335,0.1024
0.001000085735,0.1554
0.001000086135,0.214
0.001000086535,0.2714
0.001000086935,0.3166
0.001000087335,0.3438
0.001000087735,0.3548
0.001000088135,0.3506
0.001000088535,0.3364
0.001000088935,0.315
0.001000089335,0.285
0.001000089735,0.25
0.001000090135,0.2058
0.001000090535,0.1562
0.001000090935,0.1032
0.001000091335,0.0588
0.001000091735,0.0246
0.001000092135,0.0052
0.001000092535,-0.0004
0.001000092935,0.001
0.001000093335,0.0078
0.001000093735,0.0224
0.001000094135,0.0424
0.001000094535,0.075
0.001000094935,0.1194
0.001000095335,0.1744
0.001000095735,0.232
0.001000096135,0.2854
0.001000096535,0.3246
0.001000096935,0.348
0.001000097335,0.3528
0.001000097735,0.3462
0.001000098135,0.3292
0.001000098535,0.3072
0.001000098935,0.2774
0.001000099335,0.2416
0.001000099735,0.1942
0.001000100135,0.1402
0.001000100535,0.0868
0.001000100935,0.0438
0.001000101335,0.0144
0.001000101735,0.0026
0.001000102135,0
0.001000102535,0.0058
0.001000102935,0.0138
0.001000103335,0.0286
0.001000103735,0.0498
0.001000104135,0.0836
0.001000104535,0.1298
0.001000104935,0.1872
0.001000105335,0.2466
0.001000105735,0.2994
0.001000106135,0.337
0.001000106535,0.3552
0.001000106935,0.3546
0.001000107335,0.3424
0.001000107735,0.321
0.001000108135,0.2952
0.001000108535,0.2618
0.001000108935,0.2228
0.001000109335,0.1754
0.001000109735,0.1226
0.001000110135,0.074
0.001000110535,0.0358
0.001000110935,0.0108
0.001000111335,0.0026
0.001000111735,0.0024
0.001000112135,0.0086
0.001000112535,0.0178
0.001000112935,0.0334
0.001000113335,0.0598
0.001000113735,0.0976
0.001000114135,0.1472
0.001000114535,0.207
0.001000114935,0.2646
0.001000115335,0.3154
0.001000115735,0.3456
0.001000116135,0.3584
0.001000116535,0.3536
0.001000116935,0.3382
0.001000117335,0.313
0.001000117735,0.2854
0.001000118135,0.251
0.001000118535,0.2116
0.001000118935,0.1638
0.001000119335,0.1108
0.001000119735,0.062
0.001000120135,0.0266
0.001000120535,0.0048
0.001000120935,-0.0006
0.001000121335,0.001
0.001000121735,0.009
0.001000122135,0.0198
0.001000122535,0.0388
0.001000122935,0.068
0.001000123335,0.1116
0.001000123735,0.1654
0.001000124135,0.2248
0.001000124535,0.2794
0.001000124935,0.324
0.001000125335,0.3512
0.001000125735,0.3578
0.001000126135,0.3486
0.001000126535,0.3308
0.001000126935,0.3052
0.001000127335,0.2752
0.001000127735,0.2412
0.001000128135,0.1978
0.001000128535,0.1474
0.001000128935,0.0962
0.001000129335,0.052
0.001000129735,0.02
0.001000130135,0.002
0.001000130535,-0.0012
0.001000130935,0.0028
0.001000131335,0.0128
0.001000131735,0.026
0.001000132135,0.048
0.001000132535,0.0822
0.001000132935,0.1284
0.001000133335,0.1826
0.001000133735,0.24
0.001000134135,0.291
0.001000134535,0.3308
0.001000134935,0.3514
0.001000135335,0.3578
0.001000135735,0.3474
0.001000136135,0.3276
0.001000136535,0.2998
0.001000136935,0.2684
0.001000137335,0.2258
0.001000137735,0.1792
0.001000138135,0.126
0.001000138535,0.0776
0.001000138935,0.038
0.001000139335,0.0144
0.001000139735,0.0014
0.001000140135,0.0018
0.001000140535,0.0062
0.001000140935,0.0172
0.001000141335,0.032
0.001000141735,0.0572
0.001000142135,0.0946
0.001000142535,0.1454
0.001000142935,0.204
0.001000143335,0.2614
0.001000143735,0.31
0.001000144135,0.3422
0.001000144535,0.3546
0.001000144935,0.3516
0.001000145335,0.3362
0.001000145735,0.3158
0.001000146135,0.2884
0.001000146535,0.2554
0.001000146935,0.2134
0.001000147335,0.166
0.001000147735,0.1118
0.001000148135,0.0634
0.001000148535,0.0276
0.001000148935,0.0072
0.001000149335,-0.001
0.001000149735,0.003
0.001000150135,0.0096
0.001000150535,0.0216
0.001000150935,0.04
0.001000151335,0.067
0.001000151735,0.1072
0.001000152135,0.1592
0.001000152535,0.2156
0.001000152935,0.271
0.001000153335,0.3156
0.001000153735,0.3448
0.001000154135,0.3564
0.001000154535,0.3518
0.001000154935,0.335
0.001000155335,0.3122
0.001000155735,0.2802
0.001000156135,0.2442
0.001000156535,0.1994
0.001000156935,0.1502
0.001000157335,0.0972
0.001000157735,0.0532
0.001000158135,0.0212
0.001000158535,0.005
0.001000158935,-0.0012
0.001000159335,0.003
0.001000159735,0.0106
0.001000160135,0.0244
0.001000160535,0.0436
0.001000160935,0.0762
0.001000161335,0.1222
0.001000161735,0.179
0.001000162135,0.2362
0.001000162535,0.2908
0.001000162935,0.3284
0.001000163335,0.3512
0.001000163735,0.3532
0.001000164135,0.343
0.001000164535,0.3232
0.001000164935,0.2998
0.001000165335,0.2692
0.001000165735,0.231
0.001000166135,0.1862
0.001000166535,0.1362
0.001000166935,0.085
0.001000167335,0.0434
0.001000167735,0.0144
0.001000168135,0.0012
0.001000168535,-0.001
0.001000168935,0.0034
0.001000169335,0.014
0.001000169735,0.0296
0.001000170135,0.054
0.001000170535,0.0906
0.001000170935,0.139
0.001000171335,0.1956
0.001000171735,0.2538
0.001000172135,0.3042
0.001000172535,0.3384
0.001000172935,0.3576
0.001000173335,0.3562
0.001000173735,0.3424
0.001000174135,0.3192
0.001000174535,0.2924
0.001000174935,0.2584
0.001000175335,0.219
0.001000175735,0.1718
0.001000176135,0.1204
0.001000176535,0.0708
0.001000176935,0.0336
0.001000177335,0.0098
0.001000177735,-0.0008
0.001000178135,0.0008
0.001000178535,0.0064
0.001000178935,0.0182
0.001000179335,0.0354
0.001000179735,0.063
0.001000180135,0.1046
0.001000180535,0.1552
0.001000180935,0.2144
0.001000181335,0.2696
0.001000181735,0.3162
0.001000182135,0.3458
0.001000182535,0.358
0.001000182935,0.3532
0.001000183335,0.3364
0.001000183735,0.3124
0.001000184135,0.2824
0.001000184535,0.2462
0.001000184935,0.2024
0.001000185335,0.153
0.001000185735,0.1018
0.001000186135,0.0562
0.001000186535,0.0236
0.001000186935,0.0042
0.001000187335,-0.0004
0.001000187735,0.0006
0.001000188135,0.0096
0.001000188535,0.0208
0.001000188935,0.0418
0.001000189335,0.0712
0.001000189735,0.1166
0.001000190135,0.17
0.001000190535,0.229
0.001000190935,0.2838
0.001000191335,0.3274
0.001000191735,0.3508
0.001000192135,0.3574
0.001000192535,0.3476
0.001000192935,0.3298
0.001000193335,0.303
0.001000193735,0.2738
0.001000194135,0.2356
0.001000194535,0.19
0.001000194935,0.1394
0.001000195335,0.0898
0.001000195735,0.0454
0.001000196135,0.0174
0.001000196535,0.002
0.001000196935,-0.0014
0.001000197335,0.0022
0.001000197735,0.014
0.001000198135,0.0278
0.001000198535,0.0532
0.001000198935,0.0876
0.001000199335,0.1364
0.001000199735,0.192
0.001000200135,0.2514
0.001000200535,0.302
0.001000200935,0.3374
0.001000201335,0.354
0.001000201735,0.354
0.001000202135,0.34
0.001000202535,0.32
0.001000202935,0.2926
0.001000203335,0.263
0.001000203735,0.2242
0.001000204135,0.1762
0.001000204535,0.1226
0.001000204935,0.0728
0.001000205335,0.0324
0.001000205735,0.0102
0.001000206135,0.0004
0.001000206535,0.001
0.001000206935,0.006
0.001000207335,0.0186
0.001000207735,0.0352
0.001000208135,0.061
0.001000208535,0.0986
0.001000208935,0.1506
0.001000209335,0.2082
0.001000209735,0.2662
0.001000210135,0.3128
0.001000210535,0.3438
0.001000210935,0.3558
0.001000211335,0.3524
0.001000211735,0.336
0.001000212135,0.313
0.001000212535,0.2828
0.001000212935,0.2496
0.001000213335,0.2066
0.001000213735,0.1594
0.001000214135,0.1082
0.001000214535,0.0626
0.001000214935,0.0272
0.001000215335,0.0082
0.001000215735,0
0.001000216135,0.0028
0.001000216535,0.008
0.001000216935,0.0206
0.001000217335,0.0402
0.001000217735,0.0716
0.001000218135,0.115
0.001000218535,0.17
0.001000218935,0.229
0.001000219335,0.285
0.001000219735,0.3274
0.001000220135,0.3502
0.001000220535,0.356
0.001000220935,0.349
0.001000221335,0.3296
0.001000221735,0.3062
0.001000222135,0.2744
0.001000222535,0.2392
0.001000222935,0.195
0.001000223335,0.1446
0.001000223735,0.0944
0.001000224135,0.0506
0.001000224535,0.0178
0.001000224935,0.0026
0.001000225335,-0.0014
0.001000225735,0.0042
0.001000226135,0.0122
0.001000226535,0.0276
0.001000226935,0.0496
0.001000227335,0.0828
0.001000227735,0.1286
0.001000228135,0.186
0.001000228535,0.2444
0.001000228935,0.2962
0.001000229335,0.3346
0.001000229735,0.355
0.001000230135,0.355
0.001000230535,0.3434
0.001000230935,0.3228
0.001000231335,0.295
0.001000231735,0.2622
0.001000232135,0.225
0.001000232535,0.18
0.001000232935,0.1294
0.001000233335,0.0784
0.001000233735,0.0392
0.001000234135,0.0124
0.001000234535,0.0018
0.001000234935,0.0006
0.001000235335,0.0062
0.001000235735,0.0166
0.001000236135,0.0316
0.001000236535,0.0564
0.001000236935,0.0952
0.001000237335,0.1446
0.001000237735,0.2032
0.001000238135,0.261
0.001000238535,0.3118
0.001000238935,0.3436
0.001000239335,0.3592
0.001000239735,0.355
0.001000240135,0.3394
0.001000240535,0.3166
0.001000240935,0.2888
0.001000241335,0.2516
0.001000241735,0.2118
0.001000242135,0.164
0.001000242535,0.1138
0.001000242935,0.0664
0.001000243335,0.03
0.001000243735,0.0076
0.001000244135,0.0004
0.001000244535,0.0018
0.001000244935,0.0088
0.001000245335,0.0192
0.001000245735,0.0378
0.001000246135,0.0664
0.001000246535,0.1086
0.001000246935,0.1604
0.001000247335,0.222
0.001000247735,0.2768
0.001000248135,0.322
0.001000248535,0.35
0.001000248935,0.3576
0.001000249335,0.3494
0.001000249735,0.331
0.001000250135,0.305
0.001000250535,0.2748
0.001000250935,0.2388
0.001000251335,0.1968
0.001000251735,0.1474
0.001000252135,0.0982
0.001000252535,0.0538
0.001000252935,0.0224
0.001000253335,0.0038
0.001000253735,-0.0008
0.001000254135,0.0024
0.001000254535,0.01
0.001000254935,0.0232
0.001000255335,0.046
0.001000255735,0.0788
0.001000256135,0.1254
0.001000256535,0.1804
0.001000256935,0.24
0.001000257335,0.2922
0.001000257735,0.3328
0.001000258135,0.3532
0.001000258535,0.3566
0.001000258935,0.3446
0.001000259335,0.3262
0.001000259735,0.299
0.001000260135,0.2684
0.001000260535,0.229
0.001000260935,0.1832
0.001000261335,0.132
0.001000261735,0.0826
0.001000262135,0.0406
0.001000262535,0.0148
0.001000262935,0.0012
0.001000263335,0.0004
0.001000263735,0.0056
0.001000264135,0.0164
0.001000264535,0.0302
0.001000264935,0.0538
0.001000265335,0.0894
0.001000265735,0.1384
0.001000266135,0.1962
0.001000266535,0.2554
0.001000266935,0.3046
0.001000267335,0.3402
0.001000267735,0.3562
0.001000268135,0.355
0.001000268535,0.3402
0.001000268935,0.319
0.001000269335,0.2912
0.001000269735,0.2582
0.001000270135,0.2176
0.001000270535,0.1688
0.001000270935,0.1166
0.001000271335,0.0688
0.001000271735,0.0306
0.001000272135,0.0082
0.001000272535,-0.0002
0.001000272935,0.0018
0.001000273335,0.0082
0.001000273735,0.0202
0.001000274135,0.036
0.001000274535,0.0648
0.001000274935,0.1044
0.001000275335,0.1574
0.001000275735,0.2132
0.001000276135,0.2698
0.001000276535,0.315
0.001000276935,0.3468
0.001000277335,0.3576
0.001000277735,0.3524
0.001000278135,0.3358
0.001000278535,0.313
0.001000278935,0.2814
0.001000279335,0.2452
0.001000279735,0.2008
0.001000280135,0.1508
0.001000280535,0.1002
0.001000280935,0.056
0.001000281335,0.0224
0.001000281735,0.0044
0.001000282135,-0.0012
0.001000282535,0.0018
0.001000282935,0.0102
0.001000283335,0.0236
0.001000283735,0.0434
0.001000284135,0.0758
0.001000284535,0.12
0.001000284935,0.1748
0.001000285335,0.2344
0.001000285735,0.289
0.001000286135,0.3296
0.001000286535,0.3548
0.001000286935,0.359
0.001000287335,0.3494
0.001000287735,0.3278
0.001000288135,0.3016
0.001000288535,0.27
0.001000288935,0.2324
0.001000289335,0.1874
0.001000289735,0.1364
0.001000290135,0.0868
0.001000290535,0.0448
0.001000290935,0.0164
0.001000291335,0.002
0.001000291735,-0.0012
0.001000292135,0.0042
0.001000292535,0.013
0.001000292935,0.0292
0.001000293335,0.0514
0.001000293735,0.0878
0.001000294135,0.1368
0.001000294535,0.1938
0.001000294935,0.2526
0.001000295335,0.3032
0.001000295735,0.3378
0.001000296135,0.3564
0.001000296535,0.356
0.001000296935,0.3422
0.001000297335,0.319
0.001000297735,0.2936
0.001000298135,0.2596
0.001000298535,0.2202
0.001000298935,0.1738
0.001000299335,0.1226
0.001000299735,0.0726
0.001000300135,0.0344
0.001000300535,0.0094
0.001000300935,-0.0006
0.001000301335,-0.0006
0.001000301735,0.0076
0.001000302135,0.0176
0.001000302535,0.0352
0.001000302935,0.0592
0.001000303335,0.0992
0.001000303735,0.1496
0.001000304135,0.2096
0.001000304535,0.2676
0.001000304935,0.3152
0.001000305335,0.3454
0.001000305735,0.359
0.001000306135,0.3536
0.001000306535,0.3368
0.001000306935,0.3122
0.001000307335,0.282
0.001000307735,0.2486
0.001000308135,0.206
0.001000308535,0.158
0.001000308935,0.1084
0.001000309335,0.0614
0.001000309735,0.027
0.001000310135,0.0066
0.001000310535,0.0004
0.001000310935,0.0012
0.001000311335,0.0102
0.001000311735,0.022
0.001000312135,0.042
0.001000312535,0.0722
0.001000312935,0.1162
0.001000313335,0.169
0.001000313735,0.227
0.001000314135,0.281
0.001000314535,0.3238
0.001000314935,0.3488
0.001000315335,0.3558
0.001000315735,0.3488
0.001000316135,0.3324
0.001000316535,0.3072
0.001000316935,0.2752
0.001000317335,0.2372
0.001000317735,0.1918
0.001000318135,0.1398
0.001000318535,0.09
0.001000318935,0.0464
0.001000319335,0.0188
0.001000319735,0.0032
0.001000320135,0.0008
0.001000320535,0.0028
0.001000320935,0.0134
0.001000321335,0.0264
0.001000321735,0.049
0.001000322135,0.0826
0.001000322535,0.132
0.001000322935,0.1884
0.001000323335,0.2474
0.001000323735,0.2998
0.001000324135,0.3388
0.001000324535,0.3572
0.001000324935,0.359
0.001000325335,0.3444
0.001000325735,0.322
0.001000326135,0.2944
0.001000326535,0.2642
0.001000326935,0.2256
0.001000327335,0.1798
0.001000327735,0.1274
0.001000328135,0.0778
0.001000328535,0.0364
0.001000328935,0.0106
0.001000329335,-0.0008
0.001000329735,0
0.001000330135,0.0046
0.001000330535,0.0164
0.001000330935,0.0322
0.001000331335,0.0584
0.001000331735,0.0944
0.001000332135,0.1462
0.001000332535,0.2038
0.001000332935,0.2624
0.001000333335,0.3122
0.001000333735,0.3462
0.001000334135,0.3578
0.001000334535,0.3546
0.001000334935,0.336
0.001000335335,0.313
0.001000335735,0.2838
0.001000336135,0.253
0.001000336535,0.2154
0.001000336935,0.1682
0.001000337335,0.1148
0.001000337735,0.066
0.001000338135,0.0272
0.001000338535,0.0064
0.001000338935,-0.001
0.001000339335,0.0024
0.001000339735,0.009
0.001000340135,0.0218
0.001000340535,0.0402
0.001000340935,0.0674
0.001000341335,0.1086
0.001000341735,0.1618
0.001000342135,0.2216
0.001000342535,0.2782
0.001000342935,0.3236
0.001000343335,0.3512
0.001000343735,0.3592
0.001000344135,0.351
0.001000344535,0.3316
0.001000344935,0.308
0.001000345335,0.2756
0.001000345735,0.2406
0.001000346135,0.1958
0.001000346535,0.1458
0.001000346935,0.095
0.001000347335,0.0522
0.001000347735,0.0204
0.001000348135,0.0044
0.001000348535,-0.0006
0.001000348935,0.0034
0.001000349335,0.0098
0.001000349735,0.0244
0.001000350135,0.0446
0.001000350535,0.0776
0.001000350935,0.1232
0.001000351335,0.1832
0.001000351735,0.2428
0.001000352135,0.297
0.001000352535,0.3362
0.001000352935,0.3554
0.001000353335,0.3538
0.001000353735,0.3408
0.001000354135,0.3204
0.001000354535,0.297
0.001000354935,0.2688
0.001000355335,0.232
0.001000355735,0.1854
0.001000356135,0.1334
0.001000356535,0.0818
0.001000356935,0.0396
0.001000357335,0.011
0.001000357735,0.0004
0.001000358135,-0.0004
0.001000358535,0.0054
0.001000358935,0.014
0.001000359335,0.0316
0.001000359735,0.0578
0.001000360135,0.0948
0.001000360535,0.145
0.001000360935,0.2024
0.001000361335,0.2588
0.001000361735,0.308
0.001000362135,0.3402
0.001000362535,0.3548
0.001000362935,0.3518
0.001000363335,0.338
0.001000363735,0.3168
0.001000364135,0.2904
0.001000364535,0.2582
0.001000364935,0.217
0.001000365335,0.1676
0.001000365735,0.1152
0.001000366135,0.0646
0.001000366535,0.0294
0.001000366935,0.0076
0.001000367335,0.0002
0.001000367735,0.0002
0.001000368135,0.0082
0.001000368535,0.0178
0.001000368935,0.0364
0.001000369335,0.064
0.001000369735,0.1054
0.001000370135,0.1596
0.001000370535,0.2204
0.001000370935,0.2762
0.001000371335,0.3212
0.001000371735,0.3464
0.001000372135,0.3538
0.001000372535,0.347
0.001000372935,0.3328
0.001000373335,0.3118
0.001000373735,0.2838
0.001000374135,0.2478
0.001000374535,0.2026
0.001000374935,0.15
0.001000375335,0.0986
0.001000375735,0.0526
0.001000376135,0.0214
0.001000376535,0.0038
0.001000376935,-0.0004
0.001000377335,0.0022
0.001000377735,0.0108
0.001000378135,0.0246
0.001000378535,0.0468
0.001000378935,0.0772
0.001000379335,0.123
0.001000379735,0.1772
0.001000380135,0.2334
0.001000380535,0.2858
0.001000380935,0.3274
0.001000381335,0.3518
0.001000381735,0.3578
0.001000382135,0.3476
0.001000382535,0.3298
0.001000382935,0.3024
0.001000383335,0.2706
0.001000383735,0.2318
0.001000384135,0.1842
0.001000384535,0.1338
0.001000384935,0.084
0.001000385335,0.0438
0.001000385735,0.0164
0.001000386135,0.0014
0.001000386535,0.0006
0.001000386935,0.0042
0.001000387335,0.0146
0.001000387735,0.0286
0.001000388135,0.0524
0.001000388535,0.0882
0.001000388935,0.138
0.001000389335,0.195
0.001000389735,0.2544
0.001000390135,0.3038
0.001000390535,0.3382
0.001000390935,0.3534
0.001000391335,0.3522
0.001000391735,0.3384
0.001000392135,0.318
0.001000392535,0.292
0.001000392935,0.26
0.001000393335,0.2188
0.001000393735,0.1704
0.001000394135,0.118
0.001000394535,0.0694
0.001000394935,0.0314
0.001000395335,0.0106
0.001000395735,0.001
0.001000396135,0.0022
0.001000396535,0.0082
0.001000396935,0.019
0.001000397335,0.0348
0.001000397735,0.0628
0.001000398135,0.1014
0.001000398535,0.1534
0.001000398935,0.2116
0.001000399335,0.2688
0.001000399735,0.3152
0.001000400135,0.3456
0.001000400535,0.3566
0.001000400935,0.3514
0.001000401335,0.3344
0.001000401735,0.3122
0.001000402135,0.2818
0.001000402535,0.2492
0.001000402935,0.2056
0.001000403335,0.1568
0.001000403735,0.1036
0.001000404135,0.0584
0.001000404535,0.0238
0.001000404935,0.0064
0.001000405335,-0.0008
0.001000405735,0.0022
0.001000406135,0.0114
0.001000406535,0.0242
0.001000406935,0.0434
0.001000407335,0.0732
0.001000407735,0.1152
0.001000408135,0.1696
0.001000408535,0.228
0.001000408935,0.2838
0.001000409335,0.327
0.001000409735,0.354
0.001000410135,0.3604
0.001000410535,0.352
0.001000410935,0.331
0.001000411335,0.3048
0.001000411735,0.2712
0.001000412135,0.234
0.001000412535,0.1882
0.001000412935,0.1382
0.001000413335,0.0888
0.001000413735,0.0478
0.001000414135,0.017
0.001000414535,0.003
0.001000414935,-0.0004
0.001000415335,0.0042
0.001000415735,0.0134
0.001000416135,0.0282
0.001000416535,0.051
0.001000416935,0.086
0.001000417335,0.1332
0.001000417735,0.1908
0.001000418135,0.25
0.001000418535,0.3004
0.001000418935,0.3362
0.001000419335,0.3568
0.001000419735,0.358
0.001000420135,0.3454
0.001000420535,0.3214
0.001000420935,0.2936
0.001000421335,0.2612
0.001000421735,0.2212
0.001000422135,0.1744
0.001000422535,0.125
0.001000422935,0.0768
0.001000423335,0.0388
0.001000423735,0.0134
0.001000424135,0.0014
0.001000424535,-0.0006
0.001000424935,0.0056
0.001000425335,0.0152
0.001000425735,0.0332
0.001000426135,0.0588
0.001000426535,0.0982
0.001000426935,0.15
0.001000427335,0.208
0.001000427735,0.265
0.001000428135,0.3126
0.001000428535,0.3434
0.001000428935,0.3582
0.001000429335,0.355
0.001000429735,0.3402
0.001000430135,0.317
0.001000430535,0.2888
0.001000430935,0.2536
0.001000431335,0.2108
0.001000431735,0.1616
0.001000432135,0.1084
0.001000432535,0.0594
0.001000432935,0.0252
0.001000433335,0.0048
0.001000433735,-0.0012
0.001000434135,0.0006
0.001000434535,0.0086
0.001000434935,0.0198
0.001000435335,0.0394
0.001000435735,0.0676
0.001000436135,0.113
0.001000436535,0.1668
0.001000436935,0.227
0.001000437335,0.2836
0.001000437735,0.3276
0.001000438135,0.3516
0.001000438535,0.3586
0.001000438935,0.349
0.001000439335,0.3294
0.001000439735,0.3042
0.001000440135,0.2766
0.001000440535,0.2424
0.001000440935,0.199
0.001000441335,0.1466
0.001000441735,0.0954
0.001000442135,0.0488
0.001000442535,0.0184
0.001000442935,0.0028
0.001000443335,-0.0002
0.001000443735,0.0022
0.001000444135,0.013
0.001000444535,0.0254
0.001000444935,0.0478
0.001000445335,0.0796
0.001000445735,0.127
0.001000446135,0.1826
0.001000446535,0.2434
0.001000446935,0.2962
0.001000447335,0.3352
0.001000447735,0.354
0.001000448135,0.3558
0.001000448535,0.3406
0.001000448935,0.3196
0.001000449335,0.2944
0.001000449735,0.2672
0.001000450135,0.2304
0.001000450535,0.1848
0.001000450935,0.1318
0.001000451335,0.0792
0.001000451735,0.0362
0.001000452135,0.011
0.001000452535,-0.0006
0.001000452935,0.0008
0.001000453335,0.006
0.001000453735,0.0182
0.001000454135,0.0324
0.001000454535,0.0564
0.001000454935,0.093
0.001000455335,0.142
0.001000455735,0.1992
0.001000456135,0.2584
0.001000456535,0.3078
0.001000456935,0.3418
0.001000457335,0.356
0.001000457735,0.3536
0.001000458135,0.337
0.001000458535,0.313
0.001000458935,0.285
0.001000459335,0.2544
0.001000459735,0.2138
0.001000460135,0.167
0.001000460535,0.1156
0.001000460935,0.0672
0.001000461335,0.0296
0.001000461735,0.0094
0.001000462135,-0.0008
0.001000462535,0.0014
0.001000462935,0.008
0.001000463335,0.0208
0.001000463735,0.0386
0.001000464135,0.0676
0.001000464535,0.1086
0.001000464935,0.1612
0.001000465335,0.2178
0.001000465735,0.273
0.001000466135,0.3176
0.001000466535,0.3458
0.001000466935,0.3554
0.001000467335,0.3512
0.001000467735,0.3342
0.001000468135,0.3096
0.001000468535,0.2798
0.001000468935,0.2442
0.001000469335,0.1992
0.001000469735,0.15
0.001000470135,0.0992
0.001000470535,0.0548
0.001000470935,0.022
0.001000471335,0.0048
0.001000471735,-0.0012
0.001000472135,0.0018
0.001000472535,0.0086
0.001000472935,0.0234
0.001000473335,0.045
0.001000473735,0.078
0.001000474135,0.1222
0.001000474535,0.1788
0.001000474935,0.2362
0.001000475335,0.29
0.001000475735,0.3306
0.001000476135,0.3522
0.001000476535,0.3564
0.001000476935,0.345
0.001000477335,0.3244
0.001000477735,0.3002
0.001000478135,0.2686
0.001000478535,0.2312
0.001000478935,0.1858
0.001000479335,0.136
0.001000479735,0.0844
0.001000480135,0.043
0.001000480535,0.015
0.001000480935,0.003
0.001000481335,0.0002
0.001000481735,0.006
0.001000482135,0.0144
0.001000482535,0.0296
0.001000482935,0.0536
0.001000483335,0.09
0.001000483735,0.1378
0.001000484135,0.1966
0.001000484535,0.2554
0.001000484935,0.3074
0.001000485335,0.3418
0.001000485735,0.3566
0.001000486135,0.3552
0.001000486535,0.3428
0.001000486935,0.3186
0.001000487335,0.2892
0.001000487735,0.2536
0.001000488135,0.213
0.001000488535,0.1664
0.001000488935,0.1172
0.001000489335,0.071
0.001000489735,0.0346
0.001000490135,0.0108
0.001000490535,0.0018
0.001000490935,0.0014
0.001000491335,0.0074
0.001000491735,0.017
0.001000492135,0.0344
0.001000492535,0.0616
0.001000492935,0.1022
0.001000493335,0.1544
0.001000493735,0.2158
0.001000494135,0.2716
0.001000494535,0.3202
0.001000494935,0.3478
0.001000495335,0.356
0.001000495735,0.3492
0.001000496135,0.3332
0.001000496535,0.309
0.001000496935,0.2828
0.001000497335,0.2476
0.001000497735,0.2066
0.001000498135,0.1564
0.001000498535,0.1054
0.001000498935,0.0576
0.001000499335,0.0238
0.001000499735,0.005
0.001000500135,-0.0006
