LECROYHDO6104,18334,Waveform
Segments,1,SegmentSize,2502
Segment,TrigTime,TimeSinceSegment1
#1,18-Feb-2016 05:05:58,0                 
Time,Ampl
0.0009994998311,-0.00273333
0.0009995002311,-0.00264889
0.0009995006311,-0.0032
0.0009995010311,-0.00316444
0.0009995014311,-0.00282667
0.0009995018311,-0.00297333
0.0009995022311,-0.00280889
0.0009995026311,-0.00267556
0.0009995030311,-0.00295111
0.0009995034311,-0.00347111
0.0009995038311,-0.00294222
0.0009995042311,-0.00285333
0.0009995046311,-0.00277778
0.0009995050311,-0.00246667
0.0009995054311,-0.00283111
0.0009995058311,-0.00270222
0.0009995062311,-0.00293778
0.0009995066311,-0.00305778
0.0009995070311,-0.00318667
0.0009995074311,-0.00310222
0.0009995078311,-0.00293333
0.0009995082311,-0.00307111
0.0009995086311,-0.00300444
0.0009995090311,-0.00277778
0.0009995094311,-0.00298222
0.0009995098311,-0.003
0.0009995102311,-0.00322222
0.0009995106311,-0.00357333
0.0009995110311,-0.00339556
0.0009995114311,-0.00298667
0.0009995118311,-0.00296444
0.0009995122311,-0.00295111
0.0009995126311,-0.00286667
0.0009995130311,-0.00245778
0.0009995134311,-0.00178222
0.0009995138311,-0.00247556
0.0009995142311,-0.00235556
0.0009995146311,-0.00292
0.0009995150311,-0.00272889
0.0009995154311,-0.00295111
0.0009995158311,-0.00292889
0.0009995162311,-0.00316
0.0009995166311,-0.00326222
0.0009995170311,-0.00346667
0.0009995174311,-0.00360889
0.0009995178311,-0.00326222
0.0009995182311,-0.00322222
0.0009995186311,-0.00299556
0.0009995190311,-0.00329778
0.0009995194311,-0.00275111
0.0009995198311,-0.00271111
0.0009995202311,-0.00323556
0.0009995206311,-0.00276444
0.0009995210311,-0.00323556
0.0009995214311,-0.00313333
0.0009995218311,-0.00292
0.0009995222311,-0.00320889
0.0009995226311,-0.00328
0.0009995230311,-0.00318667
0.0009995234311,-0.00312444
0.0009995238311,-0.00219556
0.0009995242311,-0.00178222
0.0009995246311,-0.00243556
0.0009995250311,-0.00221333
0.0009995254311,-0.00256
0.0009995258311,-0.00256
0.0009995262311,-0.00217333
0.0009995266311,-0.00233778
0.0009995270311,-0.00265778
0.0009995274311,-0.00282667
0.0009995278311,-0.00315556
0.0009995282311,-0.00341778
0.0009995286311,-0.00364444
0.0009995290311,-0.00377333
0.0009995294311,-0.00332444
0.0009995298311,-0.00295111
0.0009995302311,-0.00296889
0.0009995306311,-0.00216
0.0009995310311,-0.00277333
0.0009995314311,-0.00280889
0.0009995318311,-0.00292889
0.0009995322311,-0.00292889
0.0009995326311,-0.00302222
0.0009995330311,-0.00261778
0.0009995334311,-0.00336
0.0009995338311,-0.00343111
0.0009995342311,-0.00302222
0.0009995346311,-0.00333333
0.0009995350311,-0.00268444
0.0009995354311,-0.00219556
0.0009995358311,-0.00292444
0.0009995362311,-0.00265333
0.0009995366311,-0.00322667
0.0009995370311,-0.00365778
0.0009995374311,-0.00317333
0.0009995378311,-0.00330222
0.0009995382311,-0.00307111
0.0009995386311,-0.00288
0.0009995390311,-0.00302667
0.0009995394311,-0.00320889
0.0009995398311,-0.00319111
0.0009995402311,-0.00351556
0.0009995406311,-0.0028
0.0009995410311,-0.003
0.0009995414311,-0.00361778
0.0009995418311,-0.00351111
0.0009995422311,-0.00347111
0.0009995426311,-0.00320444
0.0009995430311,-0.00276889
0.0009995434311,-0.00290222
0.0009995438311,-0.00244444
0.0009995442311,-0.00200889
0.0009995446311,-0.00214222
0.0009995450311,-0.00225778
0.0009995454311,-0.00276
0.0009995458311,-0.00308444
0.0009995462311,-0.00356444
0.0009995466311,-0.00355556
0.0009995470311,-0.00328
0.0009995474311,-0.00361778
0.0009995478311,-0.00339556
0.0009995482311,-0.00330667
0.0009995486311,-0.00313778
0.0009995490311,-0.00316
0.0009995494311,-0.00324889
0.0009995498311,-0.00308
0.0009995502311,-0.00342667
0.0009995506311,-0.00310667
0.0009995510311,-0.00274667
0.0009995514311,-0.00233778
0.0009995518311,-0.00240444
0.0009995522311,-0.00289333
0.0009995526311,-0.00305778
0.0009995530311,-0.00312444
0.0009995534311,-0.00298222
0.0009995538311,-0.00290667
0.0009995542311,-0.00316
0.0009995546311,-0.00295111
0.0009995550311,-0.00328444
0.0009995554311,-0.00340889
0.0009995558311,-0.00328
0.0009995562311,-0.00301778
0.0009995566311,-0.00290667
0.0009995570311,-0.00268889
0.0009995574311,-0.00214222
0.0009995578311,-0.00234667
0.0009995582311,-0.00203111
0.0009995586311,-0.00254667
0.0009995590311,-0.00264889
0.0009995594311,-0.00285778
0.0009995598311,-0.00325778
0.0009995602311,-0.00374222
0.0009995606311,-0.00321333
0.0009995610311,-0.00333778
0.0009995614311,-0.00335556
0.0009995618311,-0.00321333
0.0009995622311,-0.00336
0.0009995626311,-0.00294667
0.0009995630311,-0.00308
0.0009995634311,-0.00295556
0.0009995638311,-0.00298667
0.0009995642311,-0.00253333
0.0009995646311,-0.00260444
0.0009995650311,-0.00286667
0.0009995654311,-0.00204889
0.0009995658311,-0.00225333
0.0009995662311,-0.00254222
0.0009995666311,-0.00307556
0.0009995670311,-0.00377778
0.0009995674311,-0.00357333
0.0009995678311,-0.00294667
0.0009995682311,-0.00216444
0.0009995686311,-0.00261778
0.0009995690311,-0.00285778
0.0009995694311,-0.00299556
0.0009995698311,-0.00288
0.0009995702311,-0.00210222
0.0009995706311,-0.00190667
0.0009995710311,-0.00239111
0.0009995714311,-0.00251556
0.0009995718311,-0.00316
0.0009995722311,-0.00293778
0.0009995726311,-0.00315556
0.0009995730311,-0.00321778
0.0009995734311,-0.0032
0.0009995738311,-0.00324
0.0009995742311,-0.00293333
0.0009995746311,-0.00304
0.0009995750311,-0.00311111
0.0009995754311,-0.00238667
0.0009995758311,-0.00246667
0.0009995762311,-0.00245333
0.0009995766311,-0.00232444
0.0009995770311,-0.00272444
0.0009995774311,-0.00277778
0.0009995778311,-0.00315111
0.0009995782311,-0.00289778
0.0009995786311,-0.00334667
0.0009995790311,-0.00352444
0.0009995794311,-0.00272
0.0009995798311,-0.00311556
0.0009995802311,-0.0032
0.0009995806311,-0.00335556
0.0009995810311,-0.00359556
0.0009995814311,-0.00350667
0.0009995818311,-0.00304
0.0009995822311,-0.0026
0.0009995826311,-0.00268889
0.0009995830311,-0.00239111
0.0009995834311,-0.00270222
0.0009995838311,-0.00302222
0.0009995842311,-0.00280444
0.0009995846311,-0.00328444
0.0009995850311,-0.00322667
0.0009995854311,-0.00284
0.0009995858311,-0.00292889
0.0009995862311,-0.00256889
0.0009995866311,-0.00212444
0.0009995870311,-0.00267111
0.0009995874311,-0.00295556
0.0009995878311,-0.00344444
0.0009995882311,-0.00318667
0.0009995886311,-0.00326667
0.0009995890311,-0.00396889
0.0009995894311,-0.00378222
0.0009995898311,-0.00317778
0.0009995902311,-0.00260444
0.0009995906311,-0.00221333
0.0009995910311,-0.00215111
0.0009995914311,-0.00214222
0.0009995918311,-0.00247111
0.0009995922311,-0.00286222
0.0009995926311,-0.00296444
0.0009995930311,-0.00318222
0.0009995934311,-0.00292889
0.0009995938311,-0.00308444
0.0009995942311,-0.00325778
0.0009995946311,-0.00361333
0.0009995950311,-0.00326667
0.0009995954311,-0.00332889
0.0009995958311,-0.00322667
0.0009995962311,-0.00273333
0.0009995966311,-0.00268889
0.0009995970311,-0.00312
0.0009995974311,-0.00307556
0.0009995978311,-0.00286222
0.0009995982311,-0.00298222
0.0009995986311,-0.00321333
0.0009995990311,-0.00314222
0.0009995994311,-0.00320444
0.0009995998311,-0.00326667
0.0009996002311,-0.00318222
0.0009996006311,-0.00299556
0.0009996010311,-0.00327111
0.0009996014311,-0.00315111
0.0009996018311,-0.00342222
0.0009996022311,-0.00340444
0.0009996026311,-0.00291111
0.0009996030311,-0.00288
0.0009996034311,-0.00221333
0.0009996038311,-0.00224889
0.0009996042311,-0.00268
0.0009996046311,-0.00300444
0.0009996050311,-0.00346667
0.0009996054311,-0.00341778
0.0009996058311,-0.00327556
0.0009996062311,-0.00324444
0.0009996066311,-0.00284444
0.0009996070311,-0.003
0.0009996074311,-0.00261778
0.0009996078311,-0.00257333
0.0009996082311,-0.00270222
0.0009996086311,-0.00312889
0.0009996090311,-0.00347111
0.0009996094311,-0.00324
0.0009996098311,-0.00339556
0.0009996102311,-0.00317778
0.0009996106311,-0.00270222
0.0009996110311,-0.00312444
0.0009996114311,-0.00277778
0.0009996118311,-0.00292889
0.0009996122311,-0.00275556
0.0009996126311,-0.00256444
0.0009996130311,-0.00298222
0.0009996134311,-0.00258667
0.0009996138311,-0.00264889
0.0009996142311,-0.00284444
0.0009996146311,-0.00288889
0.0009996150311,-0.00317778
0.0009996154311,-0.00375111
0.0009996158311,-0.00320444
0.0009996162311,-0.00303111
0.0009996166311,-0.00331556
0.0009996170311,-0.0028
0.0009996174311,-0.00263111
0.0009996178311,-0.00276444
0.0009996182311,-0.00232
0.0009996186311,-0.00236
0.0009996190311,-0.00271111
0.0009996194311,-0.00298222
0.0009996198311,-0.003
0.0009996202311,-0.00293778
0.0009996206311,-0.00269778
0.0009996210311,-0.00301778
0.0009996214311,-0.00271556
0.0009996218311,-0.00265333
0.0009996222311,-0.00256444
0.0009996226311,-0.00266222
0.0009996230311,-0.00287111
0.0009996234311,-0.00309778
0.0009996238311,-0.00324
0.0009996242311,-0.00318222
0.0009996246311,-0.00371556
0.0009996250311,-0.00400444
0.0009996254311,-0.00338222
0.0009996258311,-0.00273333
0.0009996262311,-0.00249333
0.0009996266311,-0.00250222
0.0009996270311,-0.00226222
0.0009996274311,-0.00285778
0.0009996278311,-0.00321778
0.0009996282311,-0.00304889
0.0009996286311,-0.00330222
0.0009996290311,-0.00300444
0.0009996294311,-0.00252
0.0009996298311,-0.00275556
0.0009996302311,-0.00316
0.0009996306311,-0.00256889
0.0009996310311,-0.00263111
0.0009996314311,-0.00286222
0.0009996318311,-0.00282667
0.0009996322311,-0.00265333
0.0009996326311,-0.00272889
0.0009996330311,-0.00290667
0.0009996334311,-0.00246222
0.0009996338311,-0.00323111
0.0009996342311,-0.00265778
0.0009996346311,-0.00300889
0.0009996350311,-0.00332
0.0009996354311,-0.00293778
0.0009996358311,-0.00319556
0.0009996362311,-0.00325778
0.0009996366311,-0.00325778
0.0009996370311,-0.00304444
0.0009996374311,-0.00315111
0.0009996378311,-0.00287111
0.0009996382311,-0.00244889
0.0009996386311,-0.00281778
0.0009996390311,-0.00274667
0.0009996394311,-0.00272
0.0009996398311,-0.00306222
0.0009996402311,-0.00312444
0.0009996406311,-0.00264
0.0009996410311,-0.00222667
0.0009996414311,-0.00237333
0.0009996418311,-0.00288444
0.0009996422311,-0.00300889
0.0009996426311,-0.00252
0.0009996430311,-0.00253333
0.0009996434311,-0.00310222
0.0009996438311,-0.00263556
0.0009996442311,-0.00316
0.0009996446311,-0.00313333
0.0009996450311,-0.00297333
0.0009996454311,-0.00275556
0.0009996458311,-0.00279111
0.0009996462311,-0.00273333
0.0009996466311,-0.00326222
0.0009996470311,-0.00293778
0.0009996474311,-0.00336444
0.0009996478311,-0.00264
0.0009996482311,-0.00257778
0.0009996486311,-0.0024
0.0009996490311,-0.002
0.0009996494311,-0.00239556
0.0009996498311,-0.00295111
0.0009996502311,-0.00293778
0.0009996506311,-0.00329333
0.0009996510311,-0.00318222
0.0009996514311,-0.00320889
0.0009996518311,-0.0036
0.0009996522311,-0.00358222
0.0009996526311,-0.00331111
0.0009996530311,-0.00312444
0.0009996534311,-0.00304
0.0009996538311,-0.00269778
0.0009996542311,-0.00211111
0.0009996546311,-0.00200889
0.0009996550311,-0.00234222
0.0009996554311,-0.00259111
0.0009996558311,-0.00249778
0.0009996562311,-0.00314222
0.0009996566311,-0.00374667
0.0009996570311,-0.00411111
0.0009996574311,-0.00348
0.0009996578311,-0.00279111
0.0009996582311,-0.00281333
0.0009996586311,-0.00244
0.0009996590311,-0.00216
0.0009996594311,-0.00222667
0.0009996598311,-0.00211111
0.0009996602311,-0.00234222
0.0009996606311,-0.00260889
0.0009996610311,-0.00315556
0.0009996614311,-0.00331111
0.0009996618311,-0.00362667
0.0009996622311,-0.00323111
0.0009996626311,-0.00312444
0.0009996630311,-0.00344
0.0009996634311,-0.00312444
0.0009996638311,-0.00314667
0.0009996642311,-0.00241333
0.0009996646311,-0.00208444
0.0009996650311,-0.00215111
0.0009996654311,-0.00250222
0.0009996658311,-0.00290667
0.0009996662311,-0.00343556
0.0009996666311,-0.0032
0.0009996670311,-0.00292
0.0009996674311,-0.00306667
0.0009996678311,-0.00311111
0.0009996682311,-0.00316
0.0009996686311,-0.00310222
0.0009996690311,-0.00262667
0.0009996694311,-0.00232889
0.0009996698311,-0.00256444
0.0009996702311,-0.00256889
0.0009996706311,-0.00342222
0.0009996710311,-0.00376889
0.0009996714311,-0.00388
0.0009996718311,-0.00362667
0.0009996722311,-0.00320889
0.0009996726311,-0.00326222
0.0009996730311,-0.00302222
0.0009996734311,-0.00293333
0.0009996738311,-0.00270222
0.0009996742311,-0.00243556
0.0009996746311,-0.00240444
0.0009996750311,-0.00232889
0.0009996754311,-0.00260444
0.0009996758311,-0.00319111
0.0009996762311,-0.00354222
0.0009996766311,-0.00340444
0.0009996770311,-0.00306222
0.0009996774311,-0.00296444
0.0009996778311,-0.00267556
0.0009996782311,-0.00290667
0.0009996786311,-0.00343556
0.0009996790311,-0.00347556
0.0009996794311,-0.00333778
0.0009996798311,-0.00307111
0.0009996802311,-0.00312889
0.0009996806311,-0.00256444
0.0009996810311,-0.00258222
0.0009996814311,-0.00286222
0.0009996818311,-0.00259556
0.0009996822311,-0.00308
0.0009996826311,-0.0036
0.0009996830311,-0.00325778
0.0009996834311,-0.00268444
0.0009996838311,-0.00302222
0.0009996842311,-0.00289333
0.0009996846311,-0.00271556
0.0009996850311,-0.00270222
0.0009996854311,-0.00232889
0.0009996858311,-0.00308889
0.0009996862311,-0.00282222
0.0009996866311,-0.00328889
0.0009996870311,-0.00289778
0.0009996874311,-0.00271111
0.0009996878311,-0.00271556
0.0009996882311,-0.00337333
0.0009996886311,-0.00343111
0.0009996890311,-0.00333333
0.0009996894311,-0.00343556
0.0009996898311,-0.00326222
0.0009996902311,-0.00323111
0.0009996906311,-0.00294667
0.0009996910311,-0.00252889
0.0009996914311,-0.00244889
0.0009996918311,-0.00269333
0.0009996922311,-0.00288
0.0009996926311,-0.00281333
0.0009996930311,-0.00313333
0.0009996934311,-0.00275556
0.0009996938311,-0.00276
0.0009996942311,-0.00281333
0.0009996946311,-0.00298222
0.0009996950311,-0.00315556
0.0009996954311,-0.00354667
0.0009996958311,-0.00343556
0.0009996962311,-0.00400444
0.0009996966311,-0.00362667
0.0009996970311,-0.00241333
0.0009996974311,-0.00253333
0.0009996978311,-0.00262667
0.0009996982311,-0.00258222
0.0009996986311,-0.00316
0.0009996990311,-0.0026
0.0009996994311,-0.00282667
0.0009996998311,-0.00292889
0.0009997002311,-0.00285778
0.0009997006311,-0.00279556
0.0009997010311,-0.00295111
0.0009997014311,-0.00296
0.0009997018311,-0.00301778
0.0009997022311,-0.00268444
0.0009997026311,-0.00285778
0.0009997030311,-0.00360889
0.0009997034311,-0.00389778
0.0009997038311,-0.00320889
0.0009997042311,-0.00342667
0.0009997046311,-0.00285333
0.0009997050311,-0.00262667
0.0009997054311,-0.00294667
0.0009997058311,-0.00316
0.0009997062311,-0.00327111
0.0009997066311,-0.00348
0.0009997070311,-0.00338667
0.0009997074311,-0.00312889
0.0009997078311,-0.00282667
0.0009997082311,-0.00248889
0.0009997086311,-0.00226667
0.0009997090311,-0.00195111
0.0009997094311,-0.00247556
0.0009997098311,-0.00271111
0.0009997102311,-0.00262222
0.0009997106311,-0.00269778
0.0009997110311,-0.00264444
0.0009997114311,-0.00244
0.0009997118311,-0.00226222
0.0009997122311,-0.00272889
0.0009997126311,-0.00279111
0.0009997130311,-0.00312
0.0009997134311,-0.00301778
0.0009997138311,-0.00336889
0.0009997142311,-0.00276889
0.0009997146311,-0.00295556
0.0009997150311,-0.00328444
0.0009997154311,-0.00334222
0.0009997158311,-0.00301778
0.0009997162311,-0.00305333
0.0009997166311,-0.00316
0.0009997170311,-0.00321778
0.0009997174311,-0.00313778
0.0009997178311,-0.00249333
0.0009997182311,-0.00263111
0.0009997186311,-0.00297333
0.0009997190311,-0.0028
0.0009997194311,-0.00290667
0.0009997198311,-0.00296889
0.0009997202311,-0.00337778
0.0009997206311,-0.00324
0.0009997210311,-0.00307111
0.0009997214311,-0.00356444
0.0009997218311,-0.00307111
0.0009997222311,-0.00276
0.0009997226311,-0.00292
0.0009997230311,-0.00258667
0.0009997234311,-0.00247556
0.0009997238311,-0.00270667
0.0009997242311,-0.00246222
0.0009997246311,-0.00315111
0.0009997250311,-0.00285333
0.0009997254311,-0.00289333
0.0009997258311,-0.00283111
0.0009997262311,-0.00289778
0.0009997266311,-0.00299556
0.0009997270311,-0.00353778
0.0009997274311,-0.00385333
0.0009997278311,-0.00340444
0.0009997282311,-0.00346222
0.0009997286311,-0.00327111
0.0009997290311,-0.00291111
0.0009997294311,-0.00277333
0.0009997298311,-0.00275556
0.0009997302311,-0.00285778
0.0009997306311,-0.00266667
0.0009997310311,-0.00231111
0.0009997314311,-0.00251556
0.0009997318311,-0.00265333
0.0009997322311,-0.00289333
0.0009997326311,-0.00312444
0.0009997330311,-0.00340889
0.0009997334311,-0.00359111
0.0009997338311,-0.00338667
0.0009997342311,-0.00340444
0.0009997346311,-0.00316444
0.0009997350311,-0.00304
0.0009997354311,-0.00336444
0.0009997358311,-0.00225333
0.0009997362311,-0.0024
0.0009997366311,-0.00211111
0.0009997370311,-0.00249778
0.0009997374311,-0.00287556
0.0009997378311,-0.00367556
0.0009997382311,-0.00383111
0.0009997386311,-0.00333333
0.0009997390311,-0.00344444
0.0009997394311,-0.00224444
0.0009997398311,-0.00196
0.0009997402311,-0.00252
0.0009997406311,-0.00242222
0.0009997410311,-0.00297778
0.0009997414311,-0.00290222
0.0009997418311,-0.00320444
0.0009997422311,-0.00256444
0.0009997426311,-0.00251556
0.0009997430311,-0.00251556
0.0009997434311,-0.00299556
0.0009997438311,-0.00299111
0.0009997442311,-0.00283556
0.0009997446311,-0.00286667
0.0009997450311,-0.00254222
0.0009997454311,-0.00282667
0.0009997458311,-0.00303111
0.0009997462311,-0.00307111
0.0009997466311,-0.00325333
0.0009997470311,-0.00335556
0.0009997474311,-0.00314222
0.0009997478311,-0.00312444
0.0009997482311,-0.00295556
0.0009997486311,-0.00323111
0.0009997490311,-0.00316
0.0009997494311,-0.00316889
0.0009997498311,-0.00312444
0.0009997502311,-0.00282667
0.0009997506311,-0.00268444
0.0009997510311,-0.00292
0.0009997514311,-0.00279556
0.0009997518311,-0.00275556
0.0009997522311,-0.00268
0.0009997526311,-0.00284444
0.0009997530311,-0.00287111
0.0009997534311,-0.00252444
0.0009997538311,-0.00265333
0.0009997542311,-0.00248444
0.0009997546311,-0.00341778
0.0009997550311,-0.00305333
0.0009997554311,-0.00277778
0.0009997558311,-0.00289333
0.0009997562311,-0.00288889
0.0009997566311,-0.00309778
0.0009997570311,-0.00317333
0.0009997574311,-0.00352
0.0009997578311,-0.00326222
0.0009997582311,-0.00309778
0.0009997586311,-0.00338667
0.0009997590311,-0.00319111
0.0009997594311,-0.00337333
0.0009997598311,-0.00320889
0.0009997602311,-0.00289333
0.0009997606311,-0.00245778
0.0009997610311,-0.00240889
0.0009997614311,-0.00176889
0.0009997618311,-0.00237333
0.0009997622311,-0.00272
0.0009997626311,-0.00286667
0.0009997630311,-0.00286667
0.0009997634311,-0.00270222
0.0009997638311,-0.00245333
0.0009997642311,-0.00272
0.0009997646311,-0.00292
0.0009997650311,-0.00272889
0.0009997654311,-0.00253333
0.0009997658311,-0.00248889
0.0009997662311,-0.00279111
0.0009997666311,-0.00315556
0.0009997670311,-0.00348
0.0009997674311,-0.00332444
0.0009997678311,-0.00270222
0.0009997682311,-0.00276
0.0009997686311,-0.00321333
0.0009997690311,-0.00291556
0.0009997694311,-0.00280889
0.0009997698311,-0.00276444
0.0009997702311,-0.00249778
0.0009997706311,-0.00231111
0.0009997710311,-0.00232
0.0009997714311,-0.00264
0.0009997718311,-0.00319556
0.0009997722311,-0.00293778
0.0009997726311,-0.003
0.0009997730311,-0.00312889
0.0009997734311,-0.00279111
0.0009997738311,-0.00347556
0.0009997742311,-0.00301333
0.0009997746311,-0.00271556
0.0009997750311,-0.00304444
0.0009997754311,-0.00335556
0.0009997758311,-0.00294667
0.0009997762311,-0.00334222
0.0009997766311,-0.00348
0.0009997770311,-0.00304444
0.0009997774311,-0.00246222
0.0009997778311,-0.00265333
0.0009997782311,-0.00263111
0.0009997786311,-0.00322667
0.0009997790311,-0.00319111
0.0009997794311,-0.00302222
0.0009997798311,-0.00313778
0.0009997802311,-0.00317333
0.0009997806311,-0.00283556
0.0009997810311,-0.00245778
0.0009997814311,-0.00227556
0.0009997818311,-0.00234222
0.0009997822311,-0.00251556
0.0009997826311,-0.00264
0.0009997830311,-0.00317778
0.0009997834311,-0.00349778
0.0009997838311,-0.00405333
0.0009997842311,-0.00369778
0.0009997846311,-0.00325778
0.0009997850311,-0.00315111
0.0009997854311,-0.00292
0.0009997858311,-0.00244
0.0009997862311,-0.00271111
0.0009997866311,-0.00263111
0.0009997870311,-0.00191111
0.0009997874311,-0.00153333
0.0009997878311,-0.00180444
0.0009997882311,-0.00250222
0.0009997886311,-0.00242667
0.0009997890311,-0.00285778
0.0009997894311,-0.00301778
0.0009997898311,-0.00269778
0.0009997902311,-0.00307556
0.0009997906311,-0.00294667
0.0009997910311,-0.00289778
0.0009997914311,-0.00301778
0.0009997918311,-0.00325333
0.0009997922311,-0.0034
0.0009997926311,-0.00299556
0.0009997930311,-0.00285778
0.0009997934311,-0.00279111
0.0009997938311,-0.00252
0.0009997942311,-0.0026
0.0009997946311,-0.003
0.0009997950311,-0.00258222
0.0009997954311,-0.00259111
0.0009997958311,-0.00260889
0.0009997962311,-0.00294222
0.0009997966311,-0.00286667
0.0009997970311,-0.00273333
0.0009997974311,-0.00261778
0.0009997978311,-0.00290667
0.0009997982311,-0.00266222
0.0009997986311,-0.00302222
0.0009997990311,-0.00281333
0.0009997994311,-0.00292889
0.0009997998311,-0.00302667
0.0009998002311,-0.00308444
0.0009998006311,-0.00254667
0.0009998010311,-0.00284444
0.0009998014311,-0.00272889
0.0009998018311,-0.00272889
0.0009998022311,-0.00298222
0.0009998026311,-0.00270222
0.0009998030311,-0.00266667
0.0009998034311,-0.00267111
0.0009998038311,-0.00250222
0.0009998042311,-0.00249778
0.0009998046311,-0.00224444
0.0009998050311,-0.00237778
0.0009998054311,-0.00236889
0.0009998058311,-0.00256889
0.0009998062311,-0.002
0.0009998066311,-0.00197778
0.0009998070311,-0.00256
0.0009998074311,-0.00231111
0.0009998078311,-0.00248
0.0009998082311,-0.00324444
0.0009998086311,-0.00416889
0.0009998090311,-0.00439111
0.0009998094311,-0.00470667
0.0009998098311,-0.00491556
0.0009998102311,-0.00436444
0.0009998106311,-0.00368
0.0009998110311,-0.00296444
0.0009998114311,-0.00239111
0.0009998118311,-0.00281333
0.0009998122311,-0.00260444
0.0009998126311,-0.00285333
0.0009998130311,-0.00294222
0.0009998134311,-0.00292444
0.0009998138311,-0.00276889
0.0009998142311,-0.00245333
0.0009998146311,-0.00238667
0.0009998150311,-0.00233778
0.0009998154311,-0.00287556
0.0009998158311,-0.00308889
0.0009998162311,-0.00296889
0.0009998166311,-0.00271556
0.0009998170311,-0.0026
0.0009998174311,-0.00268889
0.0009998178311,-0.00282222
0.0009998182311,-0.00288889
0.0009998186311,-0.0026
0.0009998190311,-0.00250667
0.0009998194311,-0.00267556
0.0009998198311,-0.00260889
0.0009998202311,-0.00285333
0.0009998206311,-0.00293778
0.0009998210311,-0.0028
0.0009998214311,-0.00287111
0.0009998218311,-0.00276444
0.0009998222311,-0.00306667
0.0009998226311,-0.00303556
0.0009998230311,-0.00363111
0.0009998234311,-0.00368889
0.0009998238311,-0.00352444
0.0009998242311,-0.00322667
0.0009998246311,-0.00245778
0.0009998250311,-0.0026
0.0009998254311,-0.00282222
0.0009998258311,-0.00257333
0.0009998262311,-0.00250222
0.0009998266311,-0.00249333
0.0009998270311,-0.00305778
0.0009998274311,-0.00315111
0.0009998278311,-0.003
0.0009998282311,-0.00333333
0.0009998286311,-0.00362222
0.0009998290311,-0.00329778
0.0009998294311,-0.00300889
0.0009998298311,-0.00255556
0.0009998302311,-0.00246667
0.0009998306311,-0.00228
0.0009998310311,-0.00230222
0.0009998314311,-0.00262667
0.0009998318311,-0.00264
0.0009998322311,-0.00285778
0.0009998326311,-0.00308
0.0009998330311,-0.00324889
0.0009998334311,-0.00292444
0.0009998338311,-0.00291111
0.0009998342311,-0.00332
0.0009998346311,-0.00332444
0.0009998350311,-0.00319556
0.0009998354311,-0.00292889
0.0009998358311,-0.00353778
0.0009998362311,-0.00280444
0.0009998366311,-0.00268889
0.0009998370311,-0.003
0.0009998374311,-0.00262667
0.0009998378311,-0.00258667
0.0009998382311,-0.00271111
0.0009998386311,-0.00282667
0.0009998390311,-0.00318667
0.0009998394311,-0.00321333
0.0009998398311,-0.00290222
0.0009998402311,-0.00254667
0.0009998406311,-0.00269778
0.0009998410311,-0.00302667
0.0009998414311,-0.00273778
0.0009998418311,-0.00310222
0.0009998422311,-0.00321778
0.0009998426311,-0.00291111
0.0009998430311,-0.00288889
0.0009998434311,-0.00273333
0.0009998438311,-0.00291111
0.0009998442311,-0.00248889
0.0009998446311,-0.00275111
0.0009998450311,-0.00263111
0.0009998454311,-0.00284444
0.0009998458311,-0.00257333
0.0009998462311,-0.00275556
0.0009998466311,-0.00328
0.0009998470311,-0.00286222
0.0009998474311,-0.00249778
0.0009998478311,-0.00287556
0.0009998482311,-0.003
0.0009998486311,-0.00303556
0.0009998490311,-0.00286222
0.0009998494311,-0.00286667
0.0009998498311,-0.00274667
0.0009998502311,-0.00302667
0.0009998506311,-0.00292
0.0009998510311,-0.00281778
0.0009998514311,-0.00353333
0.0009998518311,-0.00404444
0.0009998522311,-0.00328
0.0009998526311,-0.00304
0.0009998530311,-0.00272
0.0009998534311,-0.00250222
0.0009998538311,-0.00263556
0.0009998542311,-0.00250667
0.0009998546311,-0.00261778
0.0009998550311,-0.00264444
0.0009998554311,-0.00270222
0.0009998558311,-0.00271556
0.0009998562311,-0.00263111
0.0009998566311,-0.00309778
0.0009998570311,-0.00286667
0.0009998574311,-0.00303556
0.0009998578311,-0.00320889
0.0009998582311,-0.00291111
0.0009998586311,-0.00340889
0.0009998590311,-0.00316889
0.0009998594311,-0.00297333
0.0009998598311,-0.00349778
0.0009998602311,-0.00312
0.0009998606311,-0.00294222
0.0009998610311,-0.00279111
0.0009998614311,-0.00277333
0.0009998618311,-0.0028
0.0009998622311,-0.00212444
0.0009998626311,-0.00191556
0.0009998630311,-0.00262667
0.0009998634311,-0.00277333
0.0009998638311,-0.00273333
0.0009998642311,-0.00287556
0.0009998646311,-0.00275556
0.0009998650311,-0.00292
0.0009998654311,-0.00347556
0.0009998658311,-0.00314222
0.0009998662311,-0.00305333
0.0009998666311,-0.00256
0.0009998670311,-0.00221778
0.0009998674311,-0.00225778
0.0009998678311,-0.00277778
0.0009998682311,-0.00355111
0.0009998686311,-0.00355111
0.0009998690311,-0.00324444
0.0009998694311,-0.00324889
0.0009998698311,-0.00323111
0.0009998702311,-0.00317778
0.0009998706311,-0.00271556
0.0009998710311,-0.00266667
0.0009998714311,-0.0024
0.0009998718311,-0.00276444
0.0009998722311,-0.00321333
0.0009998726311,-0.00259111
0.0009998730311,-0.00236889
0.0009998734311,-0.00253778
0.0009998738311,-0.00271111
0.0009998742311,-0.00280444
0.0009998746311,-0.00273333
0.0009998750311,-0.00314667
0.0009998754311,-0.00272444
0.0009998758311,-0.00299556
0.0009998762311,-0.00349333
0.0009998766311,-0.00227111
0.0009998770311,-0.00247111
0.0009998774311,-0.00261778
0.0009998778311,-0.00276889
0.0009998782311,-0.00328444
0.0009998786311,-0.00381333
0.0009998790311,-0.00348444
0.0009998794311,-0.00308444
0.0009998798311,-0.00296
0.0009998802311,-0.00263556
0.0009998806311,-0.00276889
0.0009998810311,-0.00256889
0.0009998814311,-0.00296
0.0009998818311,-0.00276444
0.0009998822311,-0.00292889
0.0009998826311,-0.00308444
0.0009998830311,-0.00304889
0.0009998834311,-0.00301778
0.0009998838311,-0.00280444
0.0009998842311,-0.00289778
0.0009998846311,-0.00296444
0.0009998850311,-0.00266667
0.0009998854311,-0.00296444
0.0009998858311,-0.00268
0.0009998862311,-0.00257778
0.0009998866311,-0.00265333
0.0009998870311,-0.00241333
0.0009998874311,-0.00257778
0.0009998878311,-0.00232889
0.0009998882311,-0.00295556
0.0009998886311,-0.00298667
0.0009998890311,-0.00342667
0.0009998894311,-0.00383111
0.0009998898311,-0.00364
0.0009998902311,-0.00350667
0.0009998906311,-0.00318222
0.0009998910311,-0.00299556
0.0009998914311,-0.00231556
0.0009998918311,-0.00238667
0.0009998922311,-0.00256889
0.0009998926311,-0.00272889
0.0009998930311,-0.00245778
0.0009998934311,-0.00242222
0.0009998938311,-0.00266667
0.0009998942311,-0.003
0.0009998946311,-0.00283111
0.0009998950311,-0.0032
0.0009998954311,-0.00289778
0.0009998958311,-0.00287111
0.0009998962311,-0.00314667
0.0009998966311,-0.00327111
0.0009998970311,-0.00317778
0.0009998974311,-0.00277778
0.0009998978311,-0.00268444
0.0009998982311,-0.00271111
0.0009998986311,-0.00267111
0.0009998990311,-0.00247111
0.0009998994311,-0.00268444
0.0009998998311,-0.00246222
0.0009999002311,-0.00284
0.0009999006311,-0.00264444
0.0009999010311,-0.00241778
0.0009999014311,-0.00240444
0.0009999018311,-0.00236
0.0009999022311,-0.00279556
0.0009999026311,-0.00272889
0.0009999030311,-0.00305333
0.0009999034311,-0.00305333
0.0009999038311,-0.00328444
0.0009999042311,-0.00311556
0.0009999046311,-0.00309778
0.0009999050311,-0.00337333
0.0009999054311,-0.00358667
0.0009999058311,-0.00296
0.0009999062311,-0.00287556
0.0009999066311,-0.00295556
0.0009999070311,-0.00269778
0.0009999074311,-0.00316889
0.0009999078311,-0.00347556
0.0009999082311,-0.00333778
0.0009999086311,-0.00292
0.0009999090311,-0.00319556
0.0009999094311,-0.0028
0.0009999098311,-0.00249333
0.0009999102311,-0.00274667
0.0009999106311,-0.00314222
0.0009999110311,-0.00301778
0.0009999114311,-0.00337778
0.0009999118311,-0.0028
0.0009999122311,-0.00276
0.0009999126311,-0.00225333
0.0009999130311,-0.00224
0.0009999134311,-0.00254667
0.0009999138311,-0.00284889
0.0009999142311,-0.00246222
0.0009999146311,-0.00292889
0.0009999150311,-0.00277778
0.0009999154311,-0.00396
0.0009999158311,-0.00388
0.0009999162311,-0.00347556
0.0009999166311,-0.00302667
0.0009999170311,-0.00267111
0.0009999174311,-0.00334222
0.0009999178311,-0.0032
0.0009999182311,-0.00272
0.0009999186311,-0.00255556
0.0009999190311,-0.00207556
0.0009999194311,-0.00232889
0.0009999198311,-0.00258222
0.0009999202311,-0.00309778
0.0009999206311,-0.00277333
0.0009999210311,-0.00281778
0.0009999214311,-0.00302667
0.0009999218311,-0.00307111
0.0009999222311,-0.00333778
0.0009999226311,-0.00314667
0.0009999230311,-0.00299556
0.0009999234311,-0.00296889
0.0009999238311,-0.00278222
0.0009999242311,-0.00264444
0.0009999246311,-0.00274667
0.0009999250311,-0.00277778
0.0009999254311,-0.00277778
0.0009999258311,-0.0032
0.0009999262311,-0.00326222
0.0009999266311,-0.00338667
0.0009999270311,-0.00374667
0.0009999274311,-0.00408444
0.0009999278311,-0.00332444
0.0009999282311,-0.0028
0.0009999286311,-0.00266667
0.0009999290311,-0.00234667
0.0009999294311,-0.00216889
0.0009999298311,-0.00220444
0.0009999302311,-0.00233778
0.0009999306311,-0.00255556
0.0009999310311,-0.00287556
0.0009999314311,-0.00305333
0.0009999318311,-0.00361333
0.0009999322311,-0.00331556
0.0009999326311,-0.00369778
0.0009999330311,-0.00311111
0.0009999334311,-0.00269778
0.0009999338311,-0.00301778
0.0009999342311,-0.00239111
0.0009999346311,-0.00251556
0.0009999350311,-0.00247111
0.0009999354311,-0.00245333
0.0009999358311,-0.00261333
0.0009999362311,-0.00288444
0.0009999366311,-0.00296444
0.0009999370311,-0.00332
0.0009999374311,-0.00309333
0.0009999378311,-0.00311111
0.0009999382311,-0.00351556
0.0009999386311,-0.00373778
0.0009999390311,-0.00289778
0.0009999394311,-0.00283111
0.0009999398311,-0.00274667
0.0009999402311,-0.00268
0.0009999406311,-0.00292444
0.0009999410311,-0.00286667
0.0009999414311,-0.00281333
0.0009999418311,-0.00263556
0.0009999422311,-0.00248444
0.0009999426311,-0.00243556
0.0009999430311,-0.00292
0.0009999434311,-0.00328444
0.0009999438311,-0.00368444
0.0009999442311,-0.00386667
0.0009999446311,-0.00378222
0.0009999450311,-0.00284889
0.0009999454311,-0.00215556
0.0009999458311,-0.00206222
0.0009999462311,-0.00266222
0.0009999466311,-0.00272
0.0009999470311,-0.00261333
0.0009999474311,-0.00249778
0.0009999478311,-0.00265778
0.0009999482311,-0.00273778
0.0009999486311,-0.00301778
0.0009999490311,-0.00282222
0.0009999494311,-0.00284
0.0009999498311,-0.00286667
0.0009999502311,-0.00247111
0.0009999506311,-0.00288889
0.0009999510311,-0.00284
0.0009999514311,-0.00280889
0.0009999518311,-0.00290222
0.0009999522311,-0.00311556
0.0009999526311,-0.00304
0.0009999530311,-0.00302667
0.0009999534311,-0.00295111
0.0009999538311,-0.00327556
0.0009999542311,-0.00331111
0.0009999546311,-0.00326222
0.0009999550311,-0.00330667
0.0009999554311,-0.00324444
0.0009999558311,-0.00312889
0.0009999562311,-0.00287556
0.0009999566311,-0.00326667
0.0009999570311,-0.00328
0.0009999574311,-0.00310667
0.0009999578311,-0.00335111
0.0009999582311,-0.00351111
0.0009999586311,-0.00295111
0.0009999590311,-0.00280444
0.0009999594311,-0.00249778
0.0009999598311,-0.00239111
0.0009999602311,-0.00295111
0.0009999606311,-0.00272
0.0009999610311,-0.00278222
0.0009999614311,-0.00312889
0.0009999618311,-0.00234667
0.0009999622311,-0.00184889
0.0009999626311,-0.00254667
0.0009999630311,-0.00281333
0.0009999634311,-0.00355556
0.0009999638311,-0.00352889
0.0009999642311,-0.00304
0.0009999646311,-0.00301778
0.0009999650311,-0.00334222
0.0009999654311,-0.00282667
0.0009999658311,-0.00286222
0.0009999662311,-0.00286222
0.0009999666311,-0.00268
0.0009999670311,-0.00284444
0.0009999674311,-0.00252444
0.0009999678311,-0.00207111
0.0009999682311,-0.00202222
0.0009999686311,-0.00216
0.0009999690311,-0.00252889
0.0009999694311,-0.00308444
0.0009999698311,-0.00341778
0.0009999702311,-0.00372444
0.0009999706311,-0.00340444
0.0009999710311,-0.00302667
0.0009999714311,-0.00300889
0.0009999718311,-0.00271556
0.0009999722311,-0.00266667
0.0009999726311,-0.00241333
0.0009999730311,-0.00287111
0.0009999734311,-0.00319556
0.0009999738311,-0.00311111
0.0009999742311,-0.00242667
0.0009999746311,-0.00243556
0.0009999750311,-0.00228
0.0009999754311,-0.00264
0.0009999758311,-0.00244
0.0009999762311,-0.00242222
0.0009999766311,-0.00273333
0.0009999770311,-0.00272444
0.0009999774311,-0.00294222
0.0009999778311,-0.00255556
0.0009999782311,-0.00288
0.0009999786311,-0.00286667
0.0009999790311,-0.00318222
0.0009999794311,-0.00345778
0.0009999798311,-0.00324444
0.0009999802311,-0.00329333
0.0009999806311,-0.00255111
0.0009999810311,-0.00253778
0.0009999814311,-0.00273778
0.0009999818311,-0.00238667
0.0009999822311,-0.00261778
0.0009999826311,-0.00259556
0.0009999830311,-0.00285333
0.0009999834311,-0.00265333
0.0009999838311,-0.00268889
0.0009999842311,-0.00296889
0.0009999846311,-0.00289333
0.0009999850311,-0.00263556
0.0009999854311,-0.00308889
0.0009999858311,-0.00323556
0.0009999862311,-0.00330222
0.0009999866311,-0.00351556
0.0009999870311,-0.00325333
0.0009999874311,-0.00286667
0.0009999878311,-0.00264444
0.0009999882311,-0.00231111
0.0009999886311,-0.00273333
0.0009999890311,-0.00282222
0.0009999894311,-0.00292
0.0009999898311,-0.00309333
0.0009999902311,-0.00306222
0.0009999906311,-0.00294667
0.0009999910311,-0.00307111
0.0009999914311,-0.00270667
0.0009999918311,-0.00258222
0.0009999922311,-0.00231111
0.0009999926311,-0.00201333
0.0009999930311,-0.00229333
0.0009999934311,-0.00262667
0.0009999938311,-0.00287556
0.0009999942311,-0.00276889
0.0009999946311,-0.00282222
0.0009999950311,-0.00293778
0.0009999954311,-0.00292889
0.0009999958311,-0.00324889
0.0009999962311,-0.00315556
0.0009999966311,-0.00333778
0.0009999970311,-0.00289333
0.0009999974311,-0.00268
0.0009999978311,-0.00318222
0.0009999982311,-0.00277778
0.0009999986311,-0.00340889
0.0009999990311,-0.00311556
0.0009999994311,-0.00334222
0.0009999998311,-0.00326667
0.001000000231,-0.00295111
0.001000000631,-0.00275556
0.001000001031,-0.00296444
0.001000001431,-0.0028
0.001000001831,-0.00296
0.001000002231,-0.00281333
0.001000002631,-0.00303556
0.001000003031,-0.00300889
0.001000003431,-0.00303556
0.001000003831,-0.00318222
0.001000004231,-0.00387111
0.001000004631,-0.00329778
0.001000005031,-0.00306667
0.001000005431,-0.00287111
0.001000005831,-0.00272
0.001000006231,-0.00239556
0.001000006631,-0.00219556
0.001000007031,-0.00227111
0.001000007431,-0.00247111
0.001000007831,-0.00218667
0.001000008231,-0.00248444
0.001000008631,-0.00294222
0.001000009031,-0.00292444
0.001000009431,-0.0032
0.001000009831,-0.00304
0.001000010231,-0.00319556
0.001000010631,-0.00360889
0.001000011031,-0.00338222
0.001000011431,-0.00300889
0.001000011831,-0.00226222
0.001000012231,-0.00203111
0.001000012631,-0.00236
0.001000013031,-0.00266222
0.001000013431,-0.00290667
0.001000013831,-0.00290222
0.001000014231,-0.00328
0.001000014631,-0.00364444
0.001000015031,-0.00418222
0.001000015431,-0.00497778
0.001000015831,-0.00463111
0.001000016231,-0.00416
0.001000016631,-0.00278222
0.001000017031,-0.00215556
0.001000017431,-0.00159111
0.001000017831,-0.00138667
0.001000018231,-0.00124
0.001000018631,-0.000933333
0.001000019031,-0.00111556
0.001000019431,-0.00172444
0.001000019831,-0.00304
0.001000020231,-0.00432889
0.001000020631,-0.00450222
0.001000021031,-0.00432
0.001000021431,-0.00333333
0.001000021831,-0.00366667
0.001000022231,-0.00434667
0.001000022631,-0.00409778
0.001000023031,-0.00332444
0.001000023431,-0.00269778
0.001000023831,-0.00150667
0.001000024231,-0.00088
0.001000024631,-0.00120889
0.001000025031,-0.00184
0.001000025431,-0.00226222
0.001000025831,-0.00185778
0.001000026231,-0.00194222
0.001000026631,-0.00197778
0.001000027031,-0.00122667
0.001000027431,-0.00207556
0.001000027831,-0.00220444
0.001000028231,-0.00214667
0.001000028631,-0.00230667
0.001000029031,-0.00277333
0.001000029431,-0.00259111
0.001000029831,-0.00284
0.001000030231,-0.00266667
0.001000030631,-0.00253333
0.001000031031,-0.00305778
0.001000031431,-0.00295111
0.001000031831,-0.00301778
0.001000032231,-0.00339111
0.001000032631,-0.00429778
0.001000033031,-0.00470222
0.001000033431,-0.00517333
0.001000033831,-0.00500889
0.001000034231,-0.00422222
0.001000034631,-0.00290667
0.001000035031,-0.00192
0.001000035431,-0.00164
0.001000035831,-0.000915556
0.001000036231,-0.00134222
0.001000036631,-0.00168444
0.001000037031,-0.00199111
0.001000037431,-0.00245778
0.001000037831,-0.00259556
0.001000038231,-0.00316
0.001000038631,-0.00289778
0.001000039031,-0.00339556
0.001000039431,-0.00396
0.001000039831,-0.00365778
0.001000040231,-0.00290667
0.001000040631,-0.00258222
0.001000041031,-0.00225333
0.001000041431,-0.00152444
0.001000041831,-0.00196444
0.001000042231,-0.00166222
0.001000042631,-0.00200444
0.001000043031,-0.00273778
0.001000043431,-0.00307111
0.001000043831,-0.00382222
0.001000044231,-0.00368
0.001000044631,-0.00432
0.001000045031,-0.00390222
0.001000045431,-0.00334667
0.001000045831,-0.00307111
0.001000046231,-0.00284
0.001000046631,-0.00379111
0.001000047031,-0.00334667
0.001000047431,-0.00246667
0.001000047831,-0.00211111
0.001000048231,-0.00236
0.001000048631,-0.00271556
0.001000049031,-0.00289333
0.001000049431,-0.00296889
0.001000049831,-0.00302667
0.001000050231,-0.00295556
0.001000050631,-0.00303111
0.001000051031,-0.00309778
0.001000051431,-0.00342667
0.001000051831,-0.00314222
0.001000052231,-0.00303556
0.001000052631,-0.00254667
0.001000053031,-0.00249778
0.001000053431,-0.00269778
0.001000053831,-0.00224
0.001000054231,-0.00163111
0.001000054631,-0.00172889
0.001000055031,-0.00263111
0.001000055431,-0.00342667
0.001000055831,-0.00344889
0.001000056231,-0.00320444
0.001000056631,-0.00305778
0.001000057031,-0.00324
0.001000057431,-0.00351556
0.001000057831,-0.00352444
0.001000058231,-0.00313333
0.001000058631,-0.00304
0.001000059031,-0.00284
0.001000059431,-0.00268
0.001000059831,-0.00253778
0.001000060231,-0.00290667
0.001000060631,-0.00291111
0.001000061031,-0.00284444
0.001000061431,-0.00262222
0.001000061831,-0.00267111
0.001000062231,-0.00248889
0.001000062631,-0.00265333
0.001000063031,-0.00297333
0.001000063431,-0.00272
0.001000063831,-0.00256889
0.001000064231,-0.00304889
0.001000064631,-0.00295111
0.001000065031,-0.00321333
0.001000065431,-0.00294222
0.001000065831,-0.00328444
0.001000066231,-0.00287111
0.001000066631,-0.00310667
0.001000067031,-0.00281333
0.001000067431,-0.00296444
0.001000067831,-0.00357778
0.001000068231,-0.00289778
0.001000068631,-0.00331556
0.001000069031,-0.00319556
0.001000069431,-0.00282222
0.001000069831,-0.00249778
0.001000070231,-0.00241333
0.001000070631,-0.00255556
0.001000071031,-0.00276
0.001000071431,-0.00367111
0.001000071831,-0.00363556
0.001000072231,-0.00334667
0.001000072631,-0.00263111
0.001000073031,-0.00209333
0.001000073431,-0.00200444
0.001000073831,-0.00244
0.001000074231,-0.00267556
0.001000074631,-0.00291556
0.001000075031,-0.00316
0.001000075431,-0.00307556
0.001000075831,-0.00328889
0.001000076231,-0.00344
0.001000076631,-0.00291556
0.001000077031,-0.00295111
0.001000077431,-0.00248889
0.001000077831,-0.00202667
0.001000078231,-0.00221778
0.001000078631,-0.00237333
0.001000079031,-0.00309333
0.001000079431,-0.00366667
0.001000079831,-0.00330667
0.001000080231,-0.00335111
0.001000080631,-0.00342222
0.001000081031,-0.00369333
0.001000081431,-0.00371111
0.001000081831,-0.00312444
0.001000082231,-0.00264
0.001000082631,-0.00297778
0.001000083031,-0.00300889
0.001000083431,-0.00268444
0.001000083831,-0.00230222
0.001000084231,-0.00180444
0.001000084631,-0.00235556
0.001000085031,-0.00317333
0.001000085431,-0.00309333
0.001000085831,-0.00268889
0.001000086231,-0.00252444
0.001000086631,-0.00274222
0.001000087031,-0.00233333
0.001000087431,-0.00259556
0.001000087831,-0.00288889
0.001000088231,-0.0024
0.001000088631,-0.00212889
0.001000089031,-0.00247111
0.001000089431,-0.00288889
0.001000089831,-0.00301333
0.001000090231,-0.00318222
0.001000090631,-0.00370222
0.001000091031,-0.00355111
0.001000091431,-0.00296
0.001000091831,-0.00341778
0.001000092231,-0.00311111
0.001000092631,-0.00292
0.001000093031,-0.00268
0.001000093431,-0.00207556
0.001000093831,-0.00217333
0.001000094231,-0.00224
0.001000094631,-0.00282667
0.001000095031,-0.00342222
0.001000095431,-0.00354667
0.001000095831,-0.00353333
0.001000096231,-0.00339556
0.001000096631,-0.00316444
0.001000097031,-0.00251111
0.001000097431,-0.00289778
0.001000097831,-0.00299556
0.001000098231,-0.00288444
0.001000098631,-0.00324
0.001000099031,-0.00294222
0.001000099431,-0.00323556
0.001000099831,-0.00375556
0.001000100231,-0.00267111
0.001000100631,-0.00223556
0.001000101031,-0.00282222
0.001000101431,-0.00274667
0.001000101831,-0.00296
0.001000102231,-0.00268
0.001000102631,-0.00214222
0.001000103031,-0.00241778
0.001000103431,-0.00303111
0.001000103831,-0.00330222
0.001000104231,-0.00344444
0.001000104631,-0.00318667
0.001000105031,-0.00317333
0.001000105431,-0.00344
0.001000105831,-0.00278222
0.001000106231,-0.00275111
0.001000106631,-0.00253333
0.001000107031,-0.00228889
0.001000107431,-0.00230667
0.001000107831,-0.00254222
0.001000108231,-0.00284889
0.001000108631,-0.00307556
0.001000109031,-0.00338222
0.001000109431,-0.00359556
0.001000109831,-0.00342222
0.001000110231,-0.00300889
0.001000110631,-0.00306222
0.001000111031,-0.00316444
0.001000111431,-0.00285333
0.001000111831,-0.00275111
0.001000112231,-0.00263556
0.001000112631,-0.00271556
0.001000113031,-0.00303556
0.001000113431,-0.00310667
0.001000113831,-0.00302222
0.001000114231,-0.00284444
0.001000114631,-0.00232444
0.001000115031,-0.00206222
0.001000115431,-0.00244444
0.001000115831,-0.00276889
0.001000116231,-0.00302667
0.001000116631,-0.00312
0.001000117031,-0.00290667
0.001000117431,-0.00312
0.001000117831,-0.00299111
0.001000118231,-0.00317333
0.001000118631,-0.003
0.001000119031,-0.00299111
0.001000119431,-0.0032
0.001000119831,-0.00311556
0.001000120231,-0.00347111
0.001000120631,-0.00350667
0.001000121031,-0.00337778
0.001000121431,-0.00242222
0.001000121831,-0.00262222
0.001000122231,-0.00221333
0.001000122631,-0.00239556
0.001000123031,-0.00327111
0.001000123431,-0.00307111
0.001000123831,-0.00292889
0.001000124231,-0.00328444
0.001000124631,-0.00277778
0.001000125031,-0.00256
0.001000125431,-0.00309333
0.001000125831,-0.00267111
0.001000126231,-0.00281333
0.001000126631,-0.00328889
0.001000127031,-0.00311556
0.001000127431,-0.00315111
0.001000127831,-0.00293333
0.001000128231,-0.00298222
0.001000128631,-0.00292
0.001000129031,-0.00273333
0.001000129431,-0.00253778
0.001000129831,-0.00313778
0.001000130231,-0.00320889
0.001000130631,-0.00322667
0.001000131031,-0.00345778
0.001000131431,-0.00328
0.001000131831,-0.00359111
0.001000132231,-0.00331556
0.001000132631,-0.00311556
0.001000133031,-0.00284444
0.001000133431,-0.00290667
0.001000133831,-0.00304889
0.001000134231,-0.00285333
0.001000134631,-0.00271111
0.001000135031,-0.00224889
0.001000135431,-0.00248444
0.001000135831,-0.00254667
0.001000136231,-0.00231111
0.001000136631,-0.00284889
0.001000137031,-0.00315111
0.001000137431,-0.00315556
0.001000137831,-0.00357333
0.001000138231,-0.00336889
0.001000138631,-0.00342667
0.001000139031,-0.00323556
0.001000139431,-0.00328444
0.001000139831,-0.00326667
0.001000140231,-0.00276889
0.001000140631,-0.00272889
0.001000141031,-0.00231556
0.001000141431,-0.00224889
0.001000141831,-0.00271556
0.001000142231,-0.00319111
0.001000142631,-0.00327556
0.001000143031,-0.00370667
0.001000143431,-0.00356889
0.001000143831,-0.00328
0.001000144231,-0.00329333
0.001000144631,-0.00294222
0.001000145031,-0.00312444
0.001000145431,-0.00324
0.001000145831,-0.00329333
0.001000146231,-0.00332444
0.001000146631,-0.00359556
0.001000147031,-0.00360444
0.001000147431,-0.00308889
0.001000147831,-0.00316
0.001000148231,-0.00258667
0.001000148631,-0.00264889
0.001000149031,-0.0026
0.001000149431,-0.00266222
0.001000149831,-0.00275556
0.001000150231,-0.00259111
0.001000150631,-0.00314667
0.001000151031,-0.00306667
0.001000151431,-0.00321778
0.001000151831,-0.00297778
0.001000152231,-0.00293333
0.001000152631,-0.00292889
0.001000153031,-0.00320444
0.001000153431,-0.00334667
0.001000153831,-0.00352444
0.001000154231,-0.0032
0.001000154631,-0.00332889
0.001000155031,-0.00302222
0.001000155431,-0.00280444
0.001000155831,-0.00300889
0.001000156231,-0.00314667
0.001000156631,-0.00364444
0.001000157031,-0.00339111
0.001000157431,-0.00321778
0.001000157831,-0.00312
0.001000158231,-0.00233333
0.001000158631,-0.00275556
0.001000159031,-0.00254222
0.001000159431,-0.0028
0.001000159831,-0.00345778
0.001000160231,-0.00323556
0.001000160631,-0.00340889
0.001000161031,-0.00324889
0.001000161431,-0.00298667
0.001000161831,-0.00264444
0.001000162231,-0.00257333
0.001000162631,-0.00267556
0.001000163031,-0.00253778
0.001000163431,-0.00298667
0.001000163831,-0.00286667
0.001000164231,-0.00212889
0.001000164631,-0.00223111
0.001000165031,-0.00218667
0.001000165431,-0.00237333
0.001000165831,-0.00308444
0.001000166231,-0.00346667
0.001000166631,-0.00340444
0.001000167031,-0.00356
0.001000167431,-0.00352444
0.001000167831,-0.00250667
0.001000168231,-0.00297333
0.001000168631,-0.00286667
0.001000169031,-0.00274222
0.001000169431,-0.00264
0.001000169831,-0.00290667
0.001000170231,-0.00296444
0.001000170631,-0.00280444
0.001000171031,-0.00249778
0.001000171431,-0.00230222
0.001000171831,-0.00273333
0.001000172231,-0.00351111
0.001000172631,-0.00389778
0.001000173031,-0.00311111
0.001000173431,-0.00310222
0.001000173831,-0.00288889
0.001000174231,-0.00266667
0.001000174631,-0.00318222
0.001000175031,-0.00275556
0.001000175431,-0.003
0.001000175831,-0.003
0.001000176231,-0.00258667
0.001000176631,-0.00252889
0.001000177031,-0.00292444
0.001000177431,-0.00281778
0.001000177831,-0.00308
0.001000178231,-0.00339556
0.001000178631,-0.00350222
0.001000179031,-0.00357333
0.001000179431,-0.00334667
0.001000179831,-0.00297778
0.001000180231,-0.00271111
0.001000180631,-0.00221778
0.001000181031,-0.0024
0.001000181431,-0.00296889
0.001000181831,-0.00376
0.001000182231,-0.00345778
0.001000182631,-0.00299111
0.001000183031,-0.00341778
0.001000183431,-0.00326667
0.001000183831,-0.00298222
0.001000184231,-0.00288
0.001000184631,-0.00301778
0.001000185031,-0.00302222
0.001000185431,-0.00331556
0.001000185831,-0.00333778
0.001000186231,-0.00337778
0.001000186631,-0.00341778
0.001000187031,-0.00306222
0.001000187431,-0.00345333
0.001000187831,-0.00334222
0.001000188231,-0.00310667
0.001000188631,-0.00271111
0.001000189031,-0.00256
0.001000189431,-0.00206222
0.001000189831,-0.00260444
0.001000190231,-0.00254222
0.001000190631,-0.00267111
0.001000191031,-0.00293778
0.001000191431,-0.00314667
0.001000191831,-0.00286667
0.001000192231,-0.00275111
0.001000192631,-0.00273333
0.001000193031,-0.00272889
0.001000193431,-0.00310667
0.001000193831,-0.00317333
0.001000194231,-0.00340444
0.001000194631,-0.00321778
0.001000195031,-0.00344
0.001000195431,-0.00311111
0.001000195831,-0.00300889
0.001000196231,-0.00288444
0.001000196631,-0.00273333
0.001000197031,-0.00301778
0.001000197431,-0.00304444
0.001000197831,-0.00328889
0.001000198231,-0.00348
0.001000198631,-0.00267556
0.001000199031,-0.00264444
0.001000199431,-0.00257778
0.001000199831,-0.00181333
0.001000200231,-0.00243111
0.001000200631,-0.00287556
0.001000201031,-0.00304444
0.001000201431,-0.00262222
0.001000201831,-0.00263111
0.001000202231,-0.00259556
0.001000202631,-0.00306667
0.001000203031,-0.00309333
0.001000203431,-0.00331111
0.001000203831,-0.00299556
0.001000204231,-0.00315556
0.001000204631,-0.00336
0.001000205031,-0.00297333
0.001000205431,-0.00323556
0.001000205831,-0.00264889
0.001000206231,-0.00270222
0.001000206631,-0.00277333
0.001000207031,-0.00281333
0.001000207431,-0.00308889
0.001000207831,-0.00339111
0.001000208231,-0.00331556
0.001000208631,-0.00318222
0.001000209031,-0.00308889
0.001000209431,-0.00313333
0.001000209831,-0.00287111
0.001000210231,-0.00259111
0.001000210631,-0.00314222
0.001000211031,-0.00337778
0.001000211431,-0.00343111
0.001000211831,-0.00347111
0.001000212231,-0.00348444
0.001000212631,-0.00270667
0.001000213031,-0.00223111
0.001000213431,-0.00239111
0.001000213831,-0.00236444
0.001000214231,-0.00250667
0.001000214631,-0.00270222
0.001000215031,-0.00242667
0.001000215431,-0.00293333
0.001000215831,-0.00287111
0.001000216231,-0.00281333
0.001000216631,-0.00316889
0.001000217031,-0.00291111
0.001000217431,-0.00332889
0.001000217831,-0.00280889
0.001000218231,-0.00246667
0.001000218631,-0.00280444
0.001000219031,-0.00269778
0.001000219431,-0.00299111
0.001000219831,-0.00352889
0.001000220231,-0.00373333
0.001000220631,-0.00345333
0.001000221031,-0.00340444
0.001000221431,-0.00342222
0.001000221831,-0.00336444
0.001000222231,-0.00316
0.001000222631,-0.00283111
0.001000223031,-0.00249778
0.001000223431,-0.00236444
0.001000223831,-0.00178222
0.001000224231,-0.00226222
0.001000224631,-0.00262222
0.001000225031,-0.00238667
0.001000225431,-0.00279111
0.001000225831,-0.00313333
0.001000226231,-0.00349778
0.001000226631,-0.00370667
0.001000227031,-0.00356444
0.001000227431,-0.00308
0.001000227831,-0.00263111
0.001000228231,-0.00344444
0.001000228631,-0.00328444
0.001000229031,-0.00336444
0.001000229431,-0.00298222
0.001000229831,-0.00244444
0.001000230231,-0.00266222
0.001000230631,-0.00345333
0.001000231031,-0.00377333
0.001000231431,-0.00339556
0.001000231831,-0.00323556
0.001000232231,-0.00302667
0.001000232631,-0.00269333
0.001000233031,-0.00308889
0.001000233431,-0.00288889
0.001000233831,-0.00329778
0.001000234231,-0.003
0.001000234631,-0.00287111
0.001000235031,-0.00279556
0.001000235431,-0.00271111
0.001000235831,-0.00295556
0.001000236231,-0.00265333
0.001000236631,-0.00326667
0.001000237031,-0.00333333
0.001000237431,-0.00368
0.001000237831,-0.00368889
0.001000238231,-0.00324889
0.001000238631,-0.00298222
0.001000239031,-0.00274222
0.001000239431,-0.00265333
0.001000239831,-0.00243556
0.001000240231,-0.00316889
0.001000240631,-0.00297778
0.001000241031,-0.00301333
0.001000241431,-0.00309778
0.001000241831,-0.00327111
0.001000242231,-0.00328889
0.001000242631,-0.00321778
0.001000243031,-0.00314667
0.001000243431,-0.00313333
0.001000243831,-0.00299111
0.001000244231,-0.00283556
0.001000244631,-0.00291556
0.001000245031,-0.00285778
0.001000245431,-0.00255556
0.001000245831,-0.00264
0.001000246231,-0.00265333
0.001000246631,-0.00236444
0.001000247031,-0.00255556
0.001000247431,-0.00253333
0.001000247831,-0.00286222
0.001000248231,-0.00319556
0.001000248631,-0.00275556
0.001000249031,-0.00292889
0.001000249431,-0.00323556
0.001000249831,-0.00344889
0.001000250231,-0.00336444
0.001000250631,-0.00321778
0.001000251031,-0.00261778
0.001000251431,-0.00221778
0.001000251831,-0.00292889
0.001000252231,-0.00309333
0.001000252631,-0.00328
0.001000253031,-0.00313333
0.001000253431,-0.00318222
0.001000253831,-0.00315111
0.001000254231,-0.00240444
0.001000254631,-0.00265333
0.001000255031,-0.00228444
0.001000255431,-0.0022
0.001000255831,-0.00323556
0.001000256231,-0.00288889
0.001000256631,-0.00272444
0.001000257031,-0.00314222
0.001000257431,-0.00320444
0.001000257831,-0.00338222
0.001000258231,-0.00376444
0.001000258631,-0.0036
0.001000259031,-0.00308
0.001000259431,-0.00272
0.001000259831,-0.0024
0.001000260231,-0.00268
0.001000260631,-0.00225333
0.001000261031,-0.00249333
0.001000261431,-0.00236
0.001000261831,-0.00280889
0.001000262231,-0.00327556
0.001000262631,-0.00360444
0.001000263031,-0.00400444
0.001000263431,-0.00382222
0.001000263831,-0.00322667
0.001000264231,-0.00342222
0.001000264631,-0.00314222
0.001000265031,-0.00252889
0.001000265431,-0.00227111
0.001000265831,-0.00223556
0.001000266231,-0.00239111
0.001000266631,-0.00281333
0.001000267031,-0.00304
0.001000267431,-0.00292
0.001000267831,-0.00356
0.001000268231,-0.0034
0.001000268631,-0.00328444
0.001000269031,-0.00324444
0.001000269431,-0.00328889
0.001000269831,-0.00295111
0.001000270231,-0.00289333
0.001000270631,-0.00337778
0.001000271031,-0.00325778
0.001000271431,-0.00305333
0.001000271831,-0.00280444
0.001000272231,-0.00273333
0.001000272631,-0.00293778
0.001000273031,-0.00273333
0.001000273431,-0.00275556
0.001000273831,-0.00315556
0.001000274231,-0.00294222
0.001000274631,-0.00299111
0.001000275031,-0.00285333
0.001000275431,-0.00262222
0.001000275831,-0.00248889
0.001000276231,-0.00306222
0.001000276631,-0.00324
0.001000277031,-0.00351111
0.001000277431,-0.00359111
0.001000277831,-0.00357333
0.001000278231,-0.00283556
0.001000278631,-0.00261333
0.001000279031,-0.00303556
0.001000279431,-0.00334667
0.001000279831,-0.00343556
0.001000280231,-0.00358667
0.001000280631,-0.00294222
0.001000281031,-0.00310222
0.001000281431,-0.00278222
0.001000281831,-0.00292889
0.001000282231,-0.00251111
0.001000282631,-0.00288444
0.001000283031,-0.00316889
0.001000283431,-0.00356
0.001000283831,-0.00354667
0.001000284231,-0.00321778
0.001000284631,-0.00313333
0.001000285031,-0.00280444
0.001000285431,-0.00267556
0.001000285831,-0.00280889
0.001000286231,-0.00275111
0.001000286631,-0.00278222
0.001000287031,-0.00302667
0.001000287431,-0.00284889
0.001000287831,-0.00236889
0.001000288231,-0.00239556
0.001000288631,-0.00288889
0.001000289031,-0.00318222
0.001000289431,-0.00355556
0.001000289831,-0.00341778
0.001000290231,-0.00304444
0.001000290631,-0.00286222
0.001000291031,-0.00296444
0.001000291431,-0.00254222
0.001000291831,-0.00285333
0.001000292231,-0.00296
0.001000292631,-0.00312889
0.001000293031,-0.00301333
0.001000293431,-0.00269778
0.001000293831,-0.00284
0.001000294231,-0.00327556
0.001000294631,-0.00366667
0.001000295031,-0.00361778
0.001000295431,-0.00377778
0.001000295831,-0.00319111
0.001000296231,-0.00280444
0.001000296631,-0.00244889
0.001000297031,-0.00288444
0.001000297431,-0.00267111
0.001000297831,-0.00259111
0.001000298231,-0.00323556
0.001000298631,-0.00288
0.001000299031,-0.00314222
0.001000299431,-0.00288
0.001000299831,-0.00328444
0.001000300231,-0.00328889
0.001000300631,-0.00322222
0.001000301031,-0.00319111
0.001000301431,-0.00299111
0.001000301831,-0.00301333
0.001000302231,-0.00324
0.001000302631,-0.00308889
0.001000303031,-0.00328444
0.001000303431,-0.00351556
0.001000303831,-0.00315556
0.001000304231,-0.00282222
0.001000304631,-0.00287556
0.001000305031,-0.00282667
0.001000305431,-0.00301333
0.001000305831,-0.00312444
0.001000306231,-0.00339111
0.001000306631,-0.00312444
0.001000307031,-0.00288
0.001000307431,-0.00273333
0.001000307831,-0.00252889
0.001000308231,-0.00271556
0.001000308631,-0.00316
0.001000309031,-0.00352444
0.001000309431,-0.00303111
0.001000309831,-0.00306222
0.001000310231,-0.00259556
0.001000310631,-0.00221778
0.001000311031,-0.00253778
0.001000311431,-0.0024
0.001000311831,-0.00255556
0.001000312231,-0.00250667
0.001000312631,-0.00276889
0.001000313031,-0.00292444
0.001000313431,-0.00348889
0.001000313831,-0.00363111
0.001000314231,-0.00319556
0.001000314631,-0.00319111
0.001000315031,-0.00386222
0.001000315431,-0.00342667
0.001000315831,-0.00347556
0.001000316231,-0.00340889
0.001000316631,-0.00265778
0.001000317031,-0.00228889
0.001000317431,-0.00262222
0.001000317831,-0.00272
0.001000318231,-0.00253333
0.001000318631,-0.00321333
0.001000319031,-0.00324444
0.001000319431,-0.00314222
0.001000319831,-0.00314222
0.001000320231,-0.00302222
0.001000320631,-0.00280889
0.001000321031,-0.00302222
0.001000321431,-0.00327556
0.001000321831,-0.00266222
0.001000322231,-0.00284
0.001000322631,-0.00267556
0.001000323031,-0.00304
0.001000323431,-0.00322222
0.001000323831,-0.00313333
0.001000324231,-0.00381333
0.001000324631,-0.00369333
0.001000325031,-0.0036
0.001000325431,-0.00319111
0.001000325831,-0.00296444
0.001000326231,-0.00284889
0.001000326631,-0.00275111
0.001000327031,-0.00332889
0.001000327431,-0.00327111
0.001000327831,-0.00291556
0.001000328231,-0.00284889
0.001000328631,-0.00247111
0.001000329031,-0.00303556
0.001000329431,-0.00324
0.001000329831,-0.00318667
0.001000330231,-0.0032
0.001000330631,-0.00298667
0.001000331031,-0.00291556
0.001000331431,-0.00273778
0.001000331831,-0.00351556
0.001000332231,-0.00339111
0.001000332631,-0.00304444
0.001000333031,-0.00333333
0.001000333431,-0.00341778
0.001000333831,-0.00355556
0.001000334231,-0.00353333
0.001000334631,-0.00303111
0.001000335031,-0.00338222
0.001000335431,-0.0034
0.001000335831,-0.00307111
0.001000336231,-0.00308444
0.001000336631,-0.00325778
0.001000337031,-0.00304
0.001000337431,-0.00272
0.001000337831,-0.00267111
0.001000338231,-0.00206667
0.001000338631,-0.00268889
0.001000339031,-0.00274667
0.001000339431,-0.00338667
0.001000339831,-0.00375111
0.001000340231,-0.00364889
0.001000340631,-0.00332889
0.001000341031,-0.00311111
0.001000341431,-0.00364444
0.001000341831,-0.00361333
0.001000342231,-0.00315556
0.001000342631,-0.00295111
0.001000343031,-0.00284444
0.001000343431,-0.00308444
0.001000343831,-0.00289778
0.001000344231,-0.003
0.001000344631,-0.00272444
0.001000345031,-0.00307111
0.001000345431,-0.00335556
0.001000345831,-0.00372
0.001000346231,-0.00363556
0.001000346631,-0.00371111
0.001000347031,-0.00307111
0.001000347431,-0.00310667
0.001000347831,-0.00295556
0.001000348231,-0.00275111
0.001000348631,-0.00294667
0.001000349031,-0.00324444
0.001000349431,-0.00324889
0.001000349831,-0.00327111
0.001000350231,-0.00321333
0.001000350631,-0.00303111
0.001000351031,-0.00284
0.001000351431,-0.00255111
0.001000351831,-0.00272889
0.001000352231,-0.00276
0.001000352631,-0.00299556
0.001000353031,-0.00346667
0.001000353431,-0.00368
0.001000353831,-0.00343556
0.001000354231,-0.00286667
0.001000354631,-0.00327111
0.001000355031,-0.00346667
0.001000355431,-0.00284444
0.001000355831,-0.00277333
0.001000356231,-0.00242222
0.001000356631,-0.00228444
0.001000357031,-0.00284
0.001000357431,-0.00312889
0.001000357831,-0.00343556
0.001000358231,-0.00333333
0.001000358631,-0.00305778
0.001000359031,-0.00336444
0.001000359431,-0.00309333
0.001000359831,-0.00258222
0.001000360231,-0.00241333
0.001000360631,-0.00306667
0.001000361031,-0.00311556
0.001000361431,-0.0032
0.001000361831,-0.00324444
0.001000362231,-0.00307111
0.001000362631,-0.00320444
0.001000363031,-0.00262222
0.001000363431,-0.00300444
0.001000363831,-0.00292889
0.001000364231,-0.00259556
0.001000364631,-0.00259556
0.001000365031,-0.00289778
0.001000365431,-0.00268
0.001000365831,-0.00334667
0.001000366231,-0.00338222
0.001000366631,-0.00313778
0.001000367031,-0.00333333
0.001000367431,-0.00364
0.001000367831,-0.00305333
0.001000368231,-0.00300889
0.001000368631,-0.00321333
0.001000369031,-0.00288889
0.001000369431,-0.00296889
0.001000369831,-0.00297778
0.001000370231,-0.00337333
0.001000370631,-0.00373333
0.001000371031,-0.00387111
0.001000371431,-0.00354222
0.001000371831,-0.00348
0.001000372231,-0.00311556
0.001000372631,-0.00210222
0.001000373031,-0.0022
0.001000373431,-0.00234222
0.001000373831,-0.00269778
0.001000374231,-0.00352
0.001000374631,-0.00395111
0.001000375031,-0.00377778
0.001000375431,-0.00341778
0.001000375831,-0.00355556
0.001000376231,-0.00332
0.001000376631,-0.00271111
0.001000377031,-0.00255111
0.001000377431,-0.00304
0.001000377831,-0.00316889
0.001000378231,-0.00331556
0.001000378631,-0.00336
0.001000379031,-0.00355556
0.001000379431,-0.00339111
0.001000379831,-0.00310667
0.001000380231,-0.00325333
0.001000380631,-0.00314667
0.001000381031,-0.00288
0.001000381431,-0.00324444
0.001000381831,-0.00346222
0.001000382231,-0.003
0.001000382631,-0.00324444
0.001000383031,-0.00351111
0.001000383431,-0.00306222
0.001000383831,-0.00337778
0.001000384231,-0.00324889
0.001000384631,-0.00299556
0.001000385031,-0.00286667
0.001000385431,-0.00255111
0.001000385831,-0.00282222
0.001000386231,-0.00309333
0.001000386631,-0.00358222
0.001000387031,-0.00348889
0.001000387431,-0.00351556
0.001000387831,-0.00362222
0.001000388231,-0.00354667
0.001000388631,-0.00296444
0.001000389031,-0.00282222
0.001000389431,-0.00288444
0.001000389831,-0.00313778
0.001000390231,-0.00369778
0.001000390631,-0.00329778
0.001000391031,-0.00247111
0.001000391431,-0.00239111
0.001000391831,-0.00281333
0.001000392231,-0.00321778
0.001000392631,-0.00291111
0.001000393031,-0.00354667
0.001000393431,-0.00344444
0.001000393831,-0.00245778
0.001000394231,-0.00286667
0.001000394631,-0.00304
0.001000395031,-0.00328889
0.001000395431,-0.00329333
0.001000395831,-0.00299556
0.001000396231,-0.003
0.001000396631,-0.00307556
0.001000397031,-0.00335556
0.001000397431,-0.00308889
0.001000397831,-0.00300444
0.001000398231,-0.00350667
0.001000398631,-0.00348
0.001000399031,-0.00329333
0.001000399431,-0.00338222
0.001000399831,-0.00308889
0.001000400231,-0.00307556
0.001000400631,-0.00329778
0.001000401031,-0.00358667
0.001000401431,-0.00323111
0.001000401831,-0.00289333
0.001000402231,-0.00287111
0.001000402631,-0.00323556
0.001000403031,-0.00320444
0.001000403431,-0.00294667
0.001000403831,-0.00272889
0.001000404231,-0.00290667
0.001000404631,-0.00268889
0.001000405031,-0.00332
0.001000405431,-0.00382222
0.001000405831,-0.00351111
0.001000406231,-0.00370222
0.001000406631,-0.00318667
0.001000407031,-0.00288444
0.001000407431,-0.00288889
0.001000407831,-0.00272444
0.001000408231,-0.00268889
0.001000408631,-0.00305778
0.001000409031,-0.00317778
0.001000409431,-0.00296
0.001000409831,-0.00286667
0.001000410231,-0.00294222
0.001000410631,-0.00296
0.001000411031,-0.00297778
0.001000411431,-0.00291556
0.001000411831,-0.00282667
0.001000412231,-0.00308889
0.001000412631,-0.00319111
0.001000413031,-0.00292
0.001000413431,-0.00290667
0.001000413831,-0.00284
0.001000414231,-0.00275111
0.001000414631,-0.00290222
0.001000415031,-0.00302222
0.001000415431,-0.00321333
0.001000415831,-0.00270222
0.001000416231,-0.00263111
0.001000416631,-0.00321778
0.001000417031,-0.00302222
0.001000417431,-0.00329778
0.001000417831,-0.00280889
0.001000418231,-0.00321333
0.001000418631,-0.00348
0.001000419031,-0.00323111
0.001000419431,-0.00355111
0.001000419831,-0.00343111
0.001000420231,-0.00291556
0.001000420631,-0.00279111
0.001000421031,-0.00273333
0.001000421431,-0.00279556
0.001000421831,-0.00314667
0.001000422231,-0.00336444
0.001000422631,-0.00360444
0.001000423031,-0.00292889
0.001000423431,-0.00299556
0.001000423831,-0.00255111
0.001000424231,-0.00285778
0.001000424631,-0.00254222
0.001000425031,-0.00265778
0.001000425431,-0.00305333
0.001000425831,-0.00278667
0.001000426231,-0.00301333
0.001000426631,-0.00306667
0.001000427031,-0.00275111
0.001000427431,-0.00284889
0.001000427831,-0.00250667
0.001000428231,-0.00306667
0.001000428631,-0.003
0.001000429031,-0.00298667
0.001000429431,-0.00316
0.001000429831,-0.00325778
0.001000430231,-0.00331556
0.001000430631,-0.0028
0.001000431031,-0.00271556
0.001000431431,-0.00281333
0.001000431831,-0.00299111
0.001000432231,-0.00330222
0.001000432631,-0.00341778
0.001000433031,-0.00387556
0.001000433431,-0.00359556
0.001000433831,-0.00291111
0.001000434231,-0.00292889
0.001000434631,-0.00316
0.001000435031,-0.00238667
0.001000435431,-0.00253778
0.001000435831,-0.00223111
0.001000436231,-0.00248889
0.001000436631,-0.00247111
0.001000437031,-0.00312889
0.001000437431,-0.00386667
0.001000437831,-0.00381778
0.001000438231,-0.00364444
0.001000438631,-0.00302222
0.001000439031,-0.00274222
0.001000439431,-0.00267556
0.001000439831,-0.00294667
0.001000440231,-0.00303556
0.001000440631,-0.00276889
0.001000441031,-0.00348889
0.001000441431,-0.00307111
0.001000441831,-0.00294222
0.001000442231,-0.00301778
0.001000442631,-0.0032
0.001000443031,-0.00352444
0.001000443431,-0.00380444
0.001000443831,-0.00373333
0.001000444231,-0.00388889
0.001000444631,-0.00376444
0.001000445031,-0.00286667
0.001000445431,-0.00279111
0.001000445831,-0.00199556
0.001000446231,-0.00182222
0.001000446631,-0.00238667
0.001000447031,-0.00217333
0.001000447431,-0.00235556
0.001000447831,-0.00280444
0.001000448231,-0.00377333
0.001000448631,-0.00401333
0.001000449031,-0.00422222
0.001000449431,-0.00360444
0.001000449831,-0.00358222
0.001000450231,-0.00308
0.001000450631,-0.00249778
0.001000451031,-0.00155111
0.001000451431,-0.00175111
0.001000451831,-0.00269333
0.001000452231,-0.00344889
0.001000452631,-0.00341333
0.001000453031,-0.00327556
0.001000453431,-0.00244889
0.001000453831,-0.00290222
0.001000454231,-0.00305333
0.001000454631,-0.00261333
0.001000455031,-0.00265778
0.001000455431,-0.00268
0.001000455831,-0.00283556
0.001000456231,-0.00352444
0.001000456631,-0.00353333
0.001000457031,-0.00336444
0.001000457431,-0.00305333
0.001000457831,-0.00233333
0.001000458231,-0.00187556
0.001000458631,-0.00212444
0.001000459031,-0.00287111
0.001000459431,-0.00363556
0.001000459831,-0.00360889
0.001000460231,-0.00318667
0.001000460631,-0.00327556
0.001000461031,-0.00295556
0.001000461431,-0.00280889
0.001000461831,-0.0032
0.001000462231,-0.00302667
0.001000462631,-0.00281778
0.001000463031,-0.00294222
0.001000463431,-0.00269333
0.001000463831,-0.00269333
0.001000464231,-0.00280444
0.001000464631,-0.00342667
0.001000465031,-0.00370667
0.001000465431,-0.00334667
0.001000465831,-0.00248444
0.001000466231,-0.00269333
0.001000466631,-0.00266667
0.001000467031,-0.00299556
0.001000467431,-0.00349333
0.001000467831,-0.00310222
0.001000468231,-0.00297333
0.001000468631,-0.00289333
0.001000469031,-0.00318667
0.001000469431,-0.00295111
0.001000469831,-0.00276889
0.001000470231,-0.00264889
0.001000470631,-0.00236
0.001000471031,-0.00264444
0.001000471431,-0.00268
0.001000471831,-0.00279111
0.001000472231,-0.00317333
0.001000472631,-0.00345333
0.001000473031,-0.00413333
0.001000473431,-0.00364889
0.001000473831,-0.00327111
0.001000474231,-0.00298667
0.001000474631,-0.00293333
0.001000475031,-0.00271556
0.001000475431,-0.00299556
0.001000475831,-0.003
0.001000476231,-0.00321333
0.001000476631,-0.00282667
0.001000477031,-0.00279111
0.001000477431,-0.00310667
0.001000477831,-0.00300889
0.001000478231,-0.00323111
0.001000478631,-0.00327556
0.001000479031,-0.00350667
0.001000479431,-0.00322222
0.001000479831,-0.00292444
0.001000480231,-0.00307556
0.001000480631,-0.00303111
0.001000481031,-0.00280889
0.001000481431,-0.00301778
0.001000481831,-0.00302667
0.001000482231,-0.00284889
0.001000482631,-0.00278667
0.001000483031,-0.00290222
0.001000483431,-0.00292444
0.001000483831,-0.00345333
0.001000484231,-0.00344889
0.001000484631,-0.00335111
0.001000485031,-0.00327556
0.001000485431,-0.00355111
0.001000485831,-0.00300444
0.001000486231,-0.00308
0.001000486631,-0.00284889
0.001000487031,-0.00243556
0.001000487431,-0.00312889
0.001000487831,-0.00294667
0.001000488231,-0.00344889
0.001000488631,-0.00361333
0.001000489031,-0.00381333
0.001000489431,-0.00346667
0.001000489831,-0.00346222
0.001000490231,-0.00277333
0.001000490631,-0.0026
0.001000491031,-0.00287111
0.001000491431,-0.00324444
0.001000491831,-0.00380444
0.001000492231,-0.00337333
0.001000492631,-0.00337333
0.001000493031,-0.00348444
0.001000493431,-0.00276889
0.001000493831,-0.00306667
0.001000494231,-0.00300444
0.001000494631,-0.00325778
0.001000495031,-0.00348444
0.001000495431,-0.00332
0.001000495831,-0.00288889
0.001000496231,-0.00256
0.001000496631,-0.00241778
0.001000497031,-0.00280889
0.001000497431,-0.00268
0.001000497831,-0.00332889
0.001000498231,-0.00334667
0.001000498631,-0.00318222
0.001000499031,-0.003
0.001000499431,-0.00280444
0.001000499831,-0.00280889
0.001000500231,-0.00274667
