LECROYHDO6104,18334,Waveform
Segments,1,SegmentSize,252
Segment,TrigTime,TimeSinceSegment1
#1,16-Feb-2016 09:44:17,0                 
Time,Ampl
-1.50234e-007,0.744
-1.49834e-007,0.43
-1.49434e-007,0.08
-1.49034e-007,-0.276
-1.48634e-007,-0.606
-1.48234e-007,-0.896
-1.47834e-007,-1.106
-1.47434e-007,-1.25
-1.47034e-007,-1.324
-1.46634e-007,-1.296
-1.46234e-007,-1.178
-1.45834e-007,-0.98
-1.45434e-007,-0.714
-1.45034e-007,-0.384
-1.44634e-007,-0.03
-1.44234e-007,0.316
-1.43834e-007,0.642
-1.43434e-007,0.914
-1.43034e-007,1.124
-1.42634e-007,1.248
-1.42234e-007,1.294
-1.41834e-007,1.25
-1.41434e-007,1.134
-1.41034e-007,0.926
-1.40634e-007,0.654
-1.40234e-007,0.334
-1.39834e-007,-0.034
-1.39434e-007,-0.38
-1.39034e-007,-0.704
-1.38634e-007,-0.97
-1.38234e-007,-1.166
-1.37834e-007,-1.3
-1.37434e-007,-1.318
-1.37034e-007,-1.264
-1.36634e-007,-1.12
-1.36234e-007,-0.898
-1.35834e-007,-0.61
-1.35434e-007,-0.276
-1.35034e-007,0.072
-1.34634e-007,0.418
-1.34234e-007,0.726
-1.33834e-007,0.992
-1.33434e-007,1.168
-1.33034e-007,1.272
-1.32634e-007,1.292
-1.32234e-007,1.24
-1.31834e-007,1.092
-1.31434e-007,0.85
-1.31034e-007,0.562
-1.30634e-007,0.222
-1.30234e-007,-0.144
-1.29834e-007,-0.49
-1.29434e-007,-0.796
-1.29034e-007,-1.044
-1.28634e-007,-1.218
-1.28234e-007,-1.312
-1.27834e-007,-1.316
-1.27434e-007,-1.232
-1.27034e-007,-1.07
-1.26634e-007,-0.818
-1.26234e-007,-0.52
-1.25834e-007,-0.178
-1.25434e-007,0.184
-1.25034e-007,0.504
-1.24634e-007,0.822
-1.24234e-007,1.052
-1.23834e-007,1.208
-1.23434e-007,1.294
-1.23034e-007,1.292
-1.22634e-007,1.194
-1.22234e-007,1.028
-1.21834e-007,0.772
-1.21434e-007,0.462
-1.21034e-007,0.116
-1.20634e-007,-0.242
-1.20234e-007,-0.584
-1.19834e-007,-0.874
-1.19434e-007,-1.102
-1.19034e-007,-1.25
-1.18634e-007,-1.322
-1.18234e-007,-1.3
-1.17834e-007,-1.184
-1.17434e-007,-0.994
-1.17034e-007,-0.736
-1.16634e-007,-0.412
-1.16234e-007,-0.07
-1.15834e-007,0.286
-1.15434e-007,0.61
-1.15034e-007,0.892
-1.14634e-007,1.112
-1.14234e-007,1.244
-1.13834e-007,1.294
-1.13434e-007,1.268
-1.13034e-007,1.156
-1.12634e-007,0.946
-1.12234e-007,0.678
-1.11834e-007,0.354
-1.11434e-007,0
-1.11034e-007,-0.354
-1.10634e-007,-0.68
-1.10234e-007,-0.954
-1.09834e-007,-1.154
-1.09434e-007,-1.274
-1.09034e-007,-1.322
-1.08634e-007,-1.27
-1.08234e-007,-1.14
-1.07834e-007,-0.916
-1.07434e-007,-0.65
-1.07034e-007,-0.308
-1.06634e-007,0.048
-1.06234e-007,0.396
-1.05834e-007,0.698
-1.05434e-007,0.96
-1.05034e-007,1.16
-1.04634e-007,1.272
-1.04234e-007,1.292
-1.03834e-007,1.246
-1.03434e-007,1.1
-1.03034e-007,0.878
-1.02634e-007,0.582
-1.02234e-007,0.252
-1.01834e-007,-0.11
-1.01434e-007,-0.452
-1.01034e-007,-0.77
-1.00634e-007,-1.028
-1.00234e-007,-1.204
-9.98337e-008,-1.316
-9.94337e-008,-1.328
-9.90337e-008,-1.248
-9.86337e-008,-1.092
-9.82337e-008,-0.852
-9.78337e-008,-0.556
-9.74337e-008,-0.21
-9.70337e-008,0.15
-9.66337e-008,0.486
-9.62337e-008,0.79
-9.58337e-008,1.034
-9.54337e-008,1.198
-9.50337e-008,1.3
-9.46337e-008,1.288
-9.42337e-008,1.212
-9.38337e-008,1.044
-9.34337e-008,0.792
-9.30337e-008,0.496
-9.26337e-008,0.148
-9.22337e-008,-0.208
-9.18337e-008,-0.548
-9.14337e-008,-0.84
-9.10337e-008,-1.082
-9.06337e-008,-1.24
-9.02337e-008,-1.314
-8.98337e-008,-1.296
-8.94337e-008,-1.2
-8.90337e-008,-1.016
-8.86337e-008,-0.758
-8.82337e-008,-0.446
-8.78337e-008,-0.1
-8.74337e-008,0.256
-8.70337e-008,0.58
-8.66337e-008,0.868
-8.62337e-008,1.088
-8.58337e-008,1.236
-8.54337e-008,1.3
-8.50337e-008,1.27
-8.46337e-008,1.172
-8.42337e-008,0.972
-8.38337e-008,0.71
-8.34337e-008,0.382
-8.30337e-008,0.042
-8.26337e-008,-0.312
-8.22337e-008,-0.646
-8.18337e-008,-0.926
-8.14337e-008,-1.134
-8.10337e-008,-1.272
-8.06337e-008,-1.312
-8.02337e-008,-1.278
-7.98337e-008,-1.158
-7.94337e-008,-0.946
-7.90337e-008,-0.666
-7.86337e-008,-0.344
-7.82337e-008,0.01
-7.78337e-008,0.368
-7.74337e-008,0.68
-7.70337e-008,0.94
-7.66337e-008,1.148
-7.62337e-008,1.262
-7.58337e-008,1.308
-7.54337e-008,1.242
-7.50337e-008,1.124
-7.46337e-008,0.906
-7.42337e-008,0.63
-7.38337e-008,0.278
-7.34337e-008,-0.082
-7.30337e-008,-0.426
-7.26337e-008,-0.742
-7.22337e-008,-1.008
-7.18337e-008,-1.194
-7.14337e-008,-1.3
-7.10337e-008,-1.32
-7.06337e-008,-1.25
-7.02337e-008,-1.102
-6.98337e-008,-0.864
-6.94337e-008,-0.568
-6.90337e-008,-0.232
-6.86337e-008,0.118
-6.82337e-008,0.454
-6.78337e-008,0.758
-6.74337e-008,1.012
-6.70337e-008,1.188
-6.66337e-008,1.28
-6.62337e-008,1.292
-6.58337e-008,1.214
-6.54337e-008,1.056
-6.50337e-008,0.826
-6.46337e-008,0.52
-6.42337e-008,0.17
-6.38337e-008,-0.178
-6.34337e-008,-0.53
-6.30337e-008,-0.83
-6.26337e-008,-1.068
-6.22337e-008,-1.234
-6.18337e-008,-1.326
-6.14337e-008,-1.308
-6.10337e-008,-1.216
-6.06337e-008,-1.048
-6.02337e-008,-0.782
-5.98337e-008,-0.486
-5.94337e-008,-0.138
-5.90337e-008,0.218
-5.86337e-008,0.556
-5.82337e-008,0.848
-5.78337e-008,1.064
-5.74337e-008,1.226
-5.70337e-008,1.294
-5.66337e-008,1.286
-5.62337e-008,1.182
-5.58337e-008,0.994
-5.54337e-008,0.736
-5.50337e-008,0.42
-5.46337e-008,0.062
-5.42337e-008,-0.284
-5.38337e-008,-0.62
-5.34337e-008,-0.902
-5.30337e-008,-1.13
-5.26337e-008,-1.268
-5.22337e-008,-1.326
-5.18337e-008,-1.29
-5.14337e-008,-1.17
-5.10337e-008,-0.972
-5.06337e-008,-0.696
-5.02337e-008,-0.374
-4.98337e-008,-0.036
