0.02507	nan	0
0.075209	nan	nan
0.125348	nan	nan
0.175486	nan	0
0.225626	nan	0
0.275764	nan	nan
0.325904	nan	0
0.376043	nan	0
0.426181	nan	0
0.476321	nan	0
0.526459	nan	0
0.576599	nan	0
0.626738	nan	0
0.676876	nan	0
0.727016	nan	0
0.777155	nan	0
0.827294	nan	0
0.877433	nan	0
0.927572	nan	nan
0.977711	nan	0
1.02785	nan	0
1.07799	nan	0
1.12813	nan	0
1.17827	nan	nan
1.22841	nan	0
1.27854	nan	0
1.32868	nan	0
1.37882	nan	0
1.42896	nan	nan
1.4791	nan	nan
1.52924	nan	0
1.57938	nan	0
1.62952	nan	0
1.67966	nan	0
1.7298	nan	0
1.77994	nan	0
1.83007	nan	0
1.88021	nan	0
1.93035	nan	0
1.98049	nan	0
2.03063	nan	0
2.08077	nan	0
2.13091	nan	0
2.18105	nan	0
2.23119	nan	0
2.28132	nan	0
2.33146	nan	0
2.3816	nan	0
2.43174	nan	0
2.48188	nan	0
2.53202	nan	0
2.58216	nan	0
2.6323	-0.785398	nan
2.68244	nan	0
2.73258	nan	0
2.78271	nan	0
2.83285	nan	nan
2.88299	nan	nan
2.93313	nan	0
2.98327	nan	0
3.03341	nan	0
3.08355	nan	0
3.13369	nan	0
3.18383	nan	0
3.23397	nan	0
3.2841	nan	0
3.33424	nan	nan
3.38438	nan	0
3.43452	nan	0
3.48466	nan	0
3.5348	nan	nan
3.58494	nan	0
3.63508	nan	nan
3.68522	nan	nan
3.73536	nan	0
3.7855	nan	0
3.83563	nan	0
3.88577	nan	nan
3.93591	nan	0
3.98605	nan	0
4.03619	nan	0
4.08633	nan	0
4.13647	nan	nan
4.18661	nan	0
4.23674	nan	0
4.28688	nan	0
4.33702	nan	0
4.38716	nan	0
4.4373	nan	0
4.48744	nan	0
4.53758	nan	0
4.58772	nan	0
4.63786	nan	0
4.688	nan	0
4.73814	nan	0
4.78827	nan	0
4.83841	nan	nan
4.88855	nan	0
4.93869	nan	0
4.98883	nan	0
5.03897	nan	0
5.08911	nan	0
5.13925	nan	0
5.18939	nan	0
5.23953	nan	0
5.28966	nan	0
5.3398	nan	0
5.38994	nan	0
5.44008	nan	0
5.49022	nan	0
5.54036	nan	0
5.5905	nan	0
5.64064	nan	0
5.69078	nan	0
5.74092	nan	0
5.79106	nan	0
5.84119	nan	0
5.89133	nan	0
5.94147	nan	nan
5.99161	nan	0
6.04175	nan	nan
6.09189	nan	0
6.14203	nan	nan
6.19217	nan	0
6.24231	nan	0
6.29244	nan	0
6.34258	nan	nan
6.39272	nan	0
6.44286	nan	0
6.493	nan	0
6.54314	nan	0
6.59328	nan	0
6.64342	nan	0
6.69356	nan	0
6.7437	nan	0
6.79383	nan	0
6.84397	nan	0
6.89411	nan	0
6.94425	nan	0
6.99439	nan	0
7.04453	nan	0
7.09467	nan	0
7.14481	nan	0
7.19495	nan	0
7.24509	nan	0
7.29523	nan	nan
7.34536	nan	0
7.3955	nan	0
7.44564	nan	0
7.49578	nan	0
7.54592	nan	0
7.59606	nan	0
7.6462	nan	0
7.69634	nan	0
7.74648	nan	0
7.79662	nan	0
7.84675	nan	0
7.89689	nan	0
7.94703	nan	0
7.99717	nan	0
8.04731	nan	nan
8.09745	nan	0
8.14759	nan	nan
8.19773	nan	0
8.24786	nan	0
8.298	nan	0
8.34814	nan	0
8.39828	nan	0
8.44842	nan	0
8.49856	nan	0
8.5487	nan	0
8.59884	nan	0
8.64898	nan	0
8.69912	nan	nan
8.74926	nan	nan
8.7994	nan	0
8.84953	nan	0
8.89967	nan	0
8.94981	nan	0
8.99995	nan	0
9.05009	nan	0
9.10023	nan	0
9.15037	nan	0
9.20051	nan	0
9.25065	nan	0
9.30078	nan	0
9.35092	nan	0
9.40106	nan	0
9.4512	nan	0
9.50134	nan	0
9.55148	nan	nan
9.60162	nan	0
9.65176	nan	0
9.7019	nan	0
9.75204	nan	0
9.80218	nan	nan
9.85231	nan	0
9.90245	nan	0
9.95259	nan	0
10.0027	nan	0
10.0529	nan	0
10.103	nan	0
10.1531	nan	0
10.2033	nan	0
10.2534	nan	0
10.3036	nan	0
10.3537	nan	nan
10.4038	nan	0
10.454	nan	0
10.5041	nan	0
10.5543	nan	0
10.6044	nan	0
10.6545	nan	0
10.7047	nan	0
10.7548	nan	0
10.805	nan	0
10.8551	nan	0
10.9052	nan	nan
10.9554	nan	0
11.0055	nan	0
11.0556	nan	0
11.1058	nan	0
11.1559	nan	0
11.2061	nan	0
11.2562	nan	nan
11.3063	nan	0
11.3565	nan	nan
11.4066	nan	0
11.4568	nan	0
11.5069	nan	nan
11.557	2.50023	0.287862
11.6072	0.499347	1.13082
11.6573	0.438181	0.187756
11.7075	-0.636508	0.113119
11.7576	-1.15457	0.150453
11.8077	-1.59283	0.155781
11.8579	-1.90038	0.195086
11.908	-2.32234	0.126153
11.9582	3.06271	0.160713
12.0083	3.14159	0.14565
12.0584	2.86707	0.151877
12.1086	2.79385	0.114901
12.1587	2.70129	0.123407
12.2088	2.62011	0.0750642
12.259	2.60189	0.117723
12.3091	2.53041	0.111167
12.3593	2.56657	0.121642
12.4094	2.636	0.146162
12.4595	2.4948	0.116565
12.5097	2.43058	0.0734727
12.5598	2.52835	0.146253
12.61	2.50382	0.120956
12.6601	2.54232	0.103779
12.7102	2.50449	0.130302
12.7604	2.40222	0.150722
12.8105	2.72508	0.155426
12.8607	2.67965	0.16026
12.9108	2.62265	0.190733
12.9609	2.5219	0.133616
13.0111	2.54293	0.118618
13.0612	2.6991	0.145206
13.1113	2.64241	0.163504
13.1615	2.35765	0.145848
13.2116	2.49983	0.0947925
13.2618	2.51558	0.108268
13.3119	2.39811	0.106253
13.362	2.62853	0.113059
13.4122	2.69575	0.138029
13.4623	2.68353	0.19766
13.5125	2.72616	0.129397
13.5626	1.83777	0.320847
13.6127	2.50728	0.119451
13.6629	1.91212	0.390223
13.713	2.48956	0.148808
13.7632	0.733497	0.685468
13.8133	1.77792	0.534714
13.8634	0.884488	0.581744
13.9136	2.65494	0.429733
13.9637	2.06196	0.614787
14.0139	1.0983	0.420948
14.064	1.5708	3.09839
14.1141	1.84381	0.355464
14.1643	2.2143	0.395402
14.2144	2.5346	0.274186
14.2645	1.89255	0.379473
14.3147	nan	nan
14.3648	-2.35619	nan
14.415	nan	nan
14.4651	nan	nan
14.5152	nan	0
14.5654	nan	nan
14.6155	nan	0
14.6657	nan	nan
14.7158	nan	0
14.7659	nan	nan
14.8161	nan	0
14.8662	nan	0
14.9164	nan	0
14.9665	0.785398	nan
15.0166	nan	0
15.0668	nan	0
15.1169	nan	0
15.167	nan	nan
15.2172	nan	0
15.2673	nan	nan
15.3175	nan	0
15.3676	nan	0
15.4177	nan	0
15.4679	nan	0
15.518	nan	nan
15.5682	nan	0
15.6183	nan	0
15.6684	nan	0
15.7186	nan	0
15.7687	nan	nan
15.8189	nan	0
15.869	nan	0
15.9191	nan	nan
15.9693	nan	0
16.0194	nan	0
16.0695	nan	0
16.1197	nan	0
16.1698	nan	0
16.22	nan	0
16.2701	nan	0
16.3202	nan	0
16.3704	nan	0
16.4205	nan	0
16.4707	nan	nan
16.5208	nan	0
16.5709	nan	0
16.6211	nan	nan
16.6712	nan	0
16.7214	nan	0
16.7715	nan	0
16.8216	nan	0
16.8718	nan	0
16.9219	nan	0
16.9721	nan	0
17.0222	nan	0
17.0723	nan	0
17.1225	nan	0
17.1726	nan	nan
17.2227	nan	0
17.2729	nan	nan
17.323	nan	nan
17.3732	nan	0
17.4233	nan	0
17.4734	nan	0
17.5236	nan	0
17.5737	nan	0
17.6239	nan	nan
17.674	nan	nan
17.7241	nan	0
17.7743	nan	0
17.8244	nan	0
17.8746	nan	0
17.9247	nan	0
17.9748	nan	nan
18.025	nan	0
18.0751	nan	0
18.1252	nan	nan
18.1754	nan	0
18.2255	nan	0
18.2757	nan	0
18.3258	nan	0
18.3759	nan	0
18.4261	nan	0
18.4762	nan	0
18.5264	nan	0
18.5765	nan	nan
18.6266	nan	nan
18.6768	nan	0
18.7269	nan	0
18.7771	nan	0
18.8272	nan	0
18.8773	nan	0
18.9275	nan	0
18.9776	nan	0
19.0278	nan	0
19.0779	nan	0
19.128	nan	0
19.1782	nan	nan
19.2283	nan	0
19.2784	nan	0
19.3286	nan	nan
19.3787	nan	0
19.4289	nan	0
19.479	nan	0
19.5291	nan	0
19.5793	nan	0
19.6294	nan	0
19.6796	nan	0
19.7297	nan	0
19.7798	nan	nan
19.83	nan	0
19.8801	nan	0