-5.	-1.22392	-1.65989
-4.95	-1.21642	-1.65154
-4.9	-1.20892	-1.6432
-4.85	-1.20142	-1.63486
-4.8	-1.19394	-1.62654
-4.75	-1.18646	-1.61823
-4.7	-1.179	-1.60994
-4.65	-1.17156	-1.60167
-4.6	-1.16414	-1.59342
-4.55	-1.15674	-1.5852
-4.5	-1.14936	-1.577
-4.45	-1.142	-1.56883
-4.4	-1.13468	-1.56069
-4.35	-1.12739	-1.55259
-4.3	-1.12012	-1.54452
-4.25	-1.11289	-1.53648
-4.2	-1.10569	-1.52849
-4.15	-1.09853	-1.52053
-4.1	-1.09141	-1.51261
-4.05	-1.08432	-1.50473
-4.	-1.07727	-1.49689
-3.95	-1.07026	-1.4891
-3.9	-1.0633	-1.48135
-3.85	-1.05637	-1.47364
-3.8	-1.04949	-1.46598
-3.75	-1.04265	-1.45837
-3.7	-1.03585	-1.4508
-3.65	-1.0291	-1.44328
-3.6	-1.02239	-1.4358
-3.55	-1.01573	-1.42837
-3.5	-1.00911	-1.421
-3.45	-1.00254	-1.41367
-3.4	-0.996013	-1.40639
-3.35	-0.989534	-1.39916
-3.3	-0.983102	-1.39197
-3.25	-0.976716	-1.38484
-3.2	-0.970377	-1.37776
-3.15	-0.964085	-1.37073
-3.1	-0.957841	-1.36374
-3.05	-0.951643	-1.35681
-3.	-0.945493	-1.34992
-2.95	-0.93939	-1.34309
-2.9	-0.933334	-1.33631
-2.85	-0.927325	-1.32957
-2.8	-0.921363	-1.32289
-2.75	-0.915449	-1.31625
-2.7	-0.909581	-1.30967
-2.65	-0.903759	-1.30313
-2.6	-0.897985	-1.29664
-2.55	-0.892256	-1.2902
-2.5	-0.886574	-1.28381
-2.45	-0.880938	-1.27747
-2.4	-0.875348	-1.27118
-2.35	-0.869803	-1.26493
-2.3	-0.864304	-1.25874
-2.25	-0.85885	-1.25259
-2.2	-0.853441	-1.24648
-2.15	-0.848076	-1.24043
-2.1	-0.842756	-1.23442
-2.05	-0.837479	-1.22846
-2.	-0.832247	-1.22254
-1.95	-0.827058	-1.21667
-1.9	-0.821913	-1.21085
-1.85	-0.81681	-1.20507
-1.8	-0.81175	-1.19933
-1.75	-0.806732	-1.19364
-1.7	-0.801756	-1.188
-1.65	-0.796822	-1.1824
-1.6	-0.79193	-1.17684
-1.55	-0.787078	-1.17133
-1.5	-0.782268	-1.16585
-1.45	-0.777497	-1.16043
-1.4	-0.772767	-1.15504
-1.35	-0.768077	-1.1497
-1.3	-0.763426	-1.14439
-1.25	-0.758814	-1.13913
-1.2	-0.75424	-1.13391
-1.15	-0.749706	-1.12873
-1.1	-0.745209	-1.12359
-1.05	-0.74075	-1.11849
-1.	-0.736329	-1.11343
-0.95	-0.731945	-1.10841
-0.9	-0.727598	-1.10343
-0.85	-0.723287	-1.09849
-0.8	-0.719012	-1.09358
-0.75	-0.714773	-1.08872
-0.7	-0.71057	-1.08389
-0.65	-0.706402	-1.07909
-0.6	-0.702268	-1.07434
-0.55	-0.698169	-1.06962
-0.5	-0.694104	-1.06494
-0.45	-0.690074	-1.06029
-0.4	-0.686076	-1.05568
-0.35	-0.682112	-1.0511
-0.3	-0.678181	-1.04656
-0.25	-0.674283	-1.04206
-0.2	-0.670417	-1.03759
-0.15	-0.666583	-1.03315
-0.1	-0.66278	-1.02874
-0.05	-0.659009	-1.02437
0	-0.655269	-1.02003
0.05	-0.65156	-1.01573
0.1	-0.647881	-1.01146
0.15	-0.644233	-1.00722
0.2	-0.640614	-1.00301
0.25	-0.637025	-0.99883
0.3	-0.633465	-0.994684
0.35	-0.629935	-0.990569
0.4	-0.626433	-0.986485
0.45	-0.622959	-0.98243
0.5	-0.619514	-0.978406
0.55	-0.616097	-0.974412
0.6	-0.612707	-0.970447
0.65	-0.609345	-0.966511
0.7	-0.60601	-0.962605
0.75	-0.602701	-0.958726
0.8	-0.59942	-0.954877
0.85	-0.596164	-0.951055
0.9	-0.592935	-0.947261
0.95	-0.589731	-0.943495
1.	-0.586553	-0.939756
1.05	-0.5834	-0.936044
1.1	-0.580273	-0.932359
1.15	-0.57717	-0.928701
1.2	-0.574091	-0.925068
1.25	-0.571037	-0.921462
1.3	-0.568007	-0.917882
1.35	-0.565001	-0.914327
1.4	-0.562019	-0.910797
1.45	-0.559059	-0.907293
1.5	-0.556123	-0.903813
1.55	-0.55321	-0.900358
1.6	-0.55032	-0.896928
1.65	-0.547452	-0.893521
1.7	-0.544606	-0.890138
1.75	-0.541782	-0.886779
1.8	-0.53898	-0.883444
1.85	-0.5362	-0.880132
1.9	-0.533441	-0.876842
1.95	-0.530704	-0.873576
2.	-0.527987	-0.870332
2.05	-0.525291	-0.86711
2.1	-0.522615	-0.863911
2.15	-0.51996	-0.860734
2.2	-0.517326	-0.857578
2.25	-0.514711	-0.854444
2.3	-0.512116	-0.851331
2.35	-0.50954	-0.84824
2.4	-0.506984	-0.845169
2.45	-0.504447	-0.842119
2.5	-0.501929	-0.83909
2.55	-0.49943	-0.836081
2.6	-0.49695	-0.833092
2.65	-0.494488	-0.830123
2.7	-0.492044	-0.827174
2.75	-0.489619	-0.824245
2.8	-0.487211	-0.821335
2.85	-0.484821	-0.818445
2.9	-0.482449	-0.815573
2.95	-0.480095	-0.812721
3.	-0.477757	-0.809887
3.05	-0.475437	-0.807072
3.1	-0.473134	-0.804275
3.15	-0.470847	-0.801496
3.2	-0.468577	-0.798736
3.25	-0.466324	-0.795993
3.3	-0.464087	-0.793269
3.35	-0.461866	-0.790561
3.4	-0.459661	-0.787872
3.45	-0.457472	-0.785199
3.5	-0.455298	-0.782544
3.55	-0.453141	-0.779905
3.6	-0.450998	-0.777284
3.65	-0.448871	-0.774679
3.7	-0.446759	-0.772091
3.75	-0.444662	-0.769519
3.8	-0.44258	-0.766963
3.85	-0.440513	-0.764423
3.9	-0.43846	-0.7619
3.95	-0.436422	-0.759392
4.	-0.434398	-0.7569
4.05	-0.432388	-0.754423
4.1	-0.430392	-0.751962
4.15	-0.42841	-0.749516
4.2	-0.426442	-0.747085
4.25	-0.424488	-0.744669
4.3	-0.422547	-0.742268
4.35	-0.420619	-0.739881
4.4	-0.418705	-0.73751
4.45	-0.416804	-0.735152
4.5	-0.414916	-0.732809
4.55	-0.413041	-0.730481
4.6	-0.411179	-0.728166
4.65	-0.40933	-0.725866
4.7	-0.407493	-0.723579
4.75	-0.405669	-0.721306
4.8	-0.403857	-0.719047
4.85	-0.402057	-0.716801
4.9	-0.40027	-0.714568
4.95	-0.398494	-0.712349
5.	-0.39673	-0.710143