-5.	-1.08037	-1.53857
-4.95	-1.07131	-1.52857
-4.9	-1.06227	-1.5186
-4.85	-1.05325	-1.50865
-4.8	-1.04426	-1.49872
-4.75	-1.03528	-1.48882
-4.7	-1.02633	-1.47895
-4.65	-1.0174	-1.46911
-4.6	-1.00851	-1.45931
-4.55	-0.999637	-1.44953
-4.5	-0.990796	-1.43978
-4.45	-0.981985	-1.43007
-4.4	-0.973205	-1.4204
-4.35	-0.964455	-1.41075
-4.3	-0.955736	-1.40115
-4.25	-0.947049	-1.39157
-4.2	-0.938394	-1.38204
-4.15	-0.929771	-1.37254
-4.1	-0.921179	-1.36307
-4.05	-0.91262	-1.35364
-4.	-0.904092	-1.34424
-3.95	-0.895596	-1.33488
-3.9	-0.88713	-1.32556
-3.85	-0.878696	-1.31627
-3.8	-0.870292	-1.30701
-3.75	-0.861917	-1.29778
-3.7	-0.853572	-1.28859
-3.65	-0.845255	-1.27943
-3.6	-0.836965	-1.2703
-3.55	-0.828703	-1.2612
-3.5	-0.820466	-1.25213
-3.45	-0.812254	-1.24309
-3.4	-0.804067	-1.23408
-3.35	-0.795902	-1.22509
-3.3	-0.787759	-1.21613
-3.25	-0.779636	-1.20719
-3.2	-0.771533	-1.19827
-3.15	-0.763447	-1.18937
-3.1	-0.755378	-1.1805
-3.05	-0.747323	-1.17164
-3.	-0.739282	-1.16279
-2.95	-0.731253	-1.15397
-2.9	-0.723233	-1.14515
-2.85	-0.715222	-1.13635
-2.8	-0.707217	-1.12756
-2.75	-0.699217	-1.11877
-2.7	-0.691218	-1.10999
-2.65	-0.68322	-1.10121
-2.6	-0.67522	-1.09243
-2.55	-0.667216	-1.08365
-2.5	-0.659204	-1.07487
-2.45	-0.651184	-1.06608
-2.4	-0.643152	-1.05729
-2.35	-0.635105	-1.04848
-2.3	-0.627041	-1.03965
-2.25	-0.618956	-1.03081
-2.2	-0.610849	-1.02195
-2.15	-0.602714	-1.01307
-2.1	-0.59455	-1.00415
-2.05	-0.586352	-0.995209
-2.	-0.578117	-0.986232
-1.95	-0.569841	-0.977216
-1.9	-0.56152	-0.968158
-1.85	-0.553149	-0.959053
-1.8	-0.544726	-0.949898
-1.75	-0.536244	-0.940687
-1.7	-0.527699	-0.931416
-1.65	-0.519086	-0.922079
-1.6	-0.5104	-0.912672
-1.55	-0.501635	-0.903189
-1.5	-0.492786	-0.893624
-1.45	-0.483847	-0.883971
-1.4	-0.47481	-0.874224
-1.35	-0.46567	-0.864376
-1.3	-0.456419	-0.85442
-1.25	-0.44705	-0.844348
-1.2	-0.437556	-0.834154
-1.15	-0.427929	-0.823829
-1.1	-0.41816	-0.813364
-1.05	-0.40824	-0.802751
-1.	-0.39816	-0.791981
-0.95	-0.387911	-0.781044
-0.9	-0.377483	-0.769931
-0.85	-0.366865	-0.75863
-0.8	-0.356047	-0.747131
-0.75	-0.345018	-0.735424
-0.7	-0.333766	-0.723496
-0.65	-0.32228	-0.711337
-0.6	-0.310548	-0.698934
-0.55	-0.298559	-0.686276
-0.5	-0.2863	-0.673351
-0.45	-0.273761	-0.660148
-0.4	-0.26093	-0.646655
-0.35	-0.247796	-0.632862
-0.3	-0.234352	-0.61876
-0.25	-0.220588	-0.604342
-0.2	-0.206501	-0.589602
-0.15	-0.192087	-0.574537
-0.1	-0.177347	-0.55915
-0.05	-0.16229	-0.543447
0	-0.146927	-0.52744
0.05	-0.131279	-0.511151
0.1	-0.115379	-0.494611
0.15	-0.0992698	-0.477865
0.2	-0.0830135	-0.460974
0.25	-0.0666904	-0.444018
0.3	-0.0504056	-0.427103
0.35	-0.0342942	-0.410363
0.4	-0.0185266	-0.393969
0.45	-0.0033156	-0.378134
0.5	0.011077	-0.36312
0.55	0.0243333	-0.349243
0.6	0.0360734	-0.336885
0.65	0.0458509	-0.326492
0.7	0.0531522	-0.318577
0.75	0.0574009	-0.313717
0.8	0.0579708	-0.312537
0.85	0.0542078	-0.315692
0.9	0.0454662	-0.323828
0.95	0.031157	-0.337534
1.	0.0108092	-0.35728
1.05	-0.0158619	-0.383352
1.1	-0.0488878	-0.41578
1.15	-0.0879926	-0.454289
1.2	-0.132566	-0.498269
1.25	-0.181672	-0.546783
1.3	-0.234104	-0.598626
1.35	-0.288473	-0.652407
1.4	-0.343322	-0.70667
1.45	-0.397244	-0.760008
1.5	-0.44899	-0.811172
1.55	-0.497541	-0.859143
1.6	-0.542149	-0.903171
1.65	-0.582338	-0.942784
1.7	-0.617887	-0.977759
1.75	-0.648783	-1.00808
1.8	-0.675177	-1.03391
1.85	-0.697335	-1.05549
1.9	-0.715596	-1.07319
1.95	-0.730333	-1.08736
2.	-0.741934	-1.0984
2.05	-0.750775	-1.10668
2.1	-0.757213	-1.11255
2.15	-0.761577	-1.11636
2.2	-0.764164	-1.11839
2.25	-0.765237	-1.11891
2.3	-0.76503	-1.11815
2.35	-0.763745	-1.11631
2.4	-0.761559	-1.11358
2.45	-0.758622	-1.11009
2.5	-0.755066	-1.10599
2.55	-0.751	-1.10138
2.6	-0.746519	-1.09636
2.65	-0.741704	-1.091
2.7	-0.736623	-1.08538
2.75	-0.731333	-1.07955
2.8	-0.725883	-1.07357
2.85	-0.720315	-1.06746
2.9	-0.714662	-1.06128
2.95	-0.708954	-1.05504
3.	-0.703214	-1.04877
3.05	-0.697465	-1.04249
3.1	-0.691721	-1.03622
3.15	-0.685998	-1.02998
3.2	-0.680307	-1.02376
3.25	-0.674657	-1.01759
3.3	-0.669056	-1.01147
3.35	-0.663512	-1.00541
3.4	-0.658028	-0.999409
3.45	-0.652608	-0.993475
3.5	-0.647257	-0.987611
3.55	-0.641976	-0.981818
3.6	-0.636766	-0.976099
3.65	-0.63163	-0.970454
3.7	-0.626568	-0.964884
3.75	-0.621579	-0.95939
3.8	-0.616665	-0.953972
3.85	-0.611824	-0.948629
3.9	-0.607057	-0.943361
3.95	-0.602363	-0.938167
4.	-0.59774	-0.933046
4.05	-0.593188	-0.927998
4.1	-0.588707	-0.923022
4.15	-0.584294	-0.918115
4.2	-0.579948	-0.913278
4.25	-0.57567	-0.908509
4.3	-0.571456	-0.903806
4.35	-0.567307	-0.899169
4.4	-0.56322	-0.894596
4.45	-0.559194	-0.890086
4.5	-0.555229	-0.885637
4.55	-0.551322	-0.881249
4.6	-0.547473	-0.876919
4.65	-0.543681	-0.872648
4.7	-0.539944	-0.868433
4.75	-0.53626	-0.864273
4.8	-0.532629	-0.860167
4.85	-0.52905	-0.856115
4.9	-0.525521	-0.852114
4.95	-0.522042	-0.848163
5.	-0.51861	-0.844263